LAYERS
2,1,0.6,0,1
8,1,0.6,0,1
2,0,0.6,0,1

WEIGHTS
1,0,27.9785,1.25621,-0.236043
1,1,0.445295,-3.13843,-3.16642
1,2,16.0549,6.81143,-7.98386
1,3,-7.85177,-27.9102,2.54631
1,4,-2.86291,-1.57793,-4.17919
1,5,42.6715,-7.15635,-2.76322
1,6,4.05396,0.28538,-5.34112
1,7,-17.9635,7.33026,0.12874
1,8,0.164556,0.261818,0.117496
2,0,-15.7037,-1.60942,2.31212,9.04435,0.805101,6.33223,1.30195,6.36654,6.13363
2,1,-7.4594,-1.14314,6.31532,-10.5861,-0.837095,6.44749,1.65441,2.24677,1.88399

PARAMS
LEARNING_RATE,0.8
MIN_INPUT,0
MIN_OUTPUT,0
MAX_INPUT,5000
MAX_OUTPUT,300
MOMENTUM,0.8
