LAYERS
2,1,0.4,0,1
8,1,0.4,0,1
2,0,0.4,0,1

WEIGHTS
1,0,14.5903,22.0858,-1.70903
1,1,15.6399,2.27518,-0.67354
1,2,-3.57148,-1.9421,-0.927848
1,3,-14.7132,8.53974,-3.59413
1,4,16.372,5.84879,-8.44991
1,5,-1.78169,-2.25871,-0.841348
1,6,5.63439,1.58037,-5.08447
1,7,-4.19636,-0.397252,-2.66833
1,8,0.582568,0.950102,0.121372
2,0,-9.29393,-6.54235,3.83454,2.81218,5.33242,3.54342,1.0304,2.71686,7.6199
2,1,10.1911,4.24692,-3.84354,-10.8423,10.607,-3.04452,3.27832,-3.89226,-8.46398

PARAMS
LEARNING_RATE,0.8
MIN_INPUT,0
MIN_OUTPUT,0
MAX_INPUT,5000
MAX_OUTPUT,300
MOMENTUM,0.8
