LAYERS
2,1,0.6,0,1
10,1,0.6,0,1
2,0,0.6,0,1

WEIGHTS
1,0,8.32328,3.68749,-4.55476
1,1,-0.101387,-0.331909,-1.0493
1,2,14.2647,1.7453,-0.464426
1,3,1.01858,15.2736,-0.722208
1,4,-1.56549,0.898711,-0.965604
1,5,-2.71273,3.35032,-1.9176
1,6,-2.43873,-0.0328215,0.135711
1,7,-1.4367,0.324914,-0.819539
1,8,10.6368,-3.19195,0.332391
1,9,3.1471,1.32775,-2.74673
1,10,0.061861,0.960051,0.537278
2,0,3.0678,1.31112,-6.50265,-4.55354,1.37688,0.797438,1.66375,1.4135,0.207407,1.83093,4.75218
2,1,4.9777,-1.67433,3.3753,6.74658,-2.70978,-3.69207,-3.71693,-2.56151,5.5426,1.06695,-7.59178

PARAMS
LEARNING_RATE,0.6
MIN_INPUT,0
MIN_OUTPUT,0
MAX_INPUT,5000
MAX_OUTPUT,300
MOMENTUM,0.6
