LAYERS
2,1,0.2,0,1
8,1,0.2,0,1
2,0,0.2,0,1

WEIGHTS
1,0,4.50444,2.44223,-0.450078
1,1,7.56744,2.80812,-1.34453
1,2,-6.73528,0.407329,1.21356
1,3,-2.67746,1.39366,0.41054
1,4,-10.8669,2.40096,0.863146
1,5,-7.4557,-0.533245,0.996971
1,6,22.9691,2.02713,-3.30454
1,7,14.9617,2.27626,-2.41811
1,8,0.126072,0.575213,0.618549
2,0,-1.98484,-2.74003,1.22291,-0.1283,-0.340562,2.30399,-4.55831,-3.46876,3.3858
2,1,3.09573,6.16259,-7.92095,-3.92285,-12.2019,-8.48564,21.5492,13.5282,-5.89708

PARAMS
LEARNING_RATE,0.4
MIN_INPUT,0
MIN_OUTPUT,0
MAX_INPUT,5000
MAX_OUTPUT,300
MOMENTUM,0.6
