LAYERS
2,1,0.4,0,1
8,1,0.4,0,1
2,0,0.4,0,1

WEIGHTS
1,0,7.21398,1.45814,-3.52518
1,1,5.43145,0.412993,-3.27496
1,2,-17.2195,6.77836,-3.40863
1,3,14.9533,13.9925,-1.76785
1,4,10.0408,2.29901,-5.10627
1,5,-0.177034,-0.394514,-0.562269
1,6,-1.57382,-2.09342,0.09853
1,7,5.39291,3.71454,-1.09464
1,8,0.691275,0.275124,0.820826
2,0,1.4603,3.41806,7.16579,-10.4982,2.74174,1.21955,2.03859,-1.03611,3.75348
2,1,5.10616,2.83203,-13.4139,8.39721,7.86415,-1.85829,-3.69106,3.17125,-7.59878

PARAMS
LEARNING_RATE,0.8
MIN_INPUT,0
MIN_OUTPUT,0
MAX_INPUT,5000
MAX_OUTPUT,300
MOMENTUM,0.6
