LAYERS
2,1,0.6,0,1
10,1,0.6,0,1
2,0,0.6,0,1

WEIGHTS
1,0,2.52992,2.91857,0.452864
1,1,8.99878,5.51293,-0.537504
1,2,8.10756,0.343185,0.00318757
1,3,-6.43252,2.17649,-1.13249
1,4,-0.701186,0.360672,0.615223
1,5,0.657185,0.900793,-0.415673
1,6,-2.82782,0.430456,0.430401
1,7,5.33644,0.197645,-2.63061
1,8,-2.40628,0.0521385,0.616698
1,9,3.52222,0.344342,-1.51169
1,10,0.970305,0.314982,0.112125
2,0,-0.301063,-4.5325,-2.76604,1.73756,0.65706,0.956584,-0.251008,2.53255,0.53263,1.559,2.38303
2,1,1.46676,5.59776,4.7763,-6.50715,-1.95674,-0.344163,-3.63218,4.3778,-3.4149,2.54074,-3.30335

PARAMS
LEARNING_RATE,0.2
MIN_INPUT,0
MIN_OUTPUT,0
MAX_INPUT,5000
MAX_OUTPUT,300
MOMENTUM,0.6
