LAYERS
2,1,0.2,0,1
10,1,0.2,0,1
2,0,0.2,0,1

WEIGHTS
1,0,2.04961,0.80146,0.0648989
1,1,-2.52421,-0.0718318,0.607991
1,2,9.39619,1.04717,-1.41305
1,3,-6.61763,0.0111411,0.935897
1,4,5.1982,1.26751,-0.36697
1,5,4.10413,0.69215,-0.249368
1,6,0.99768,0.817211,0.0789001
1,7,0.504631,1.1501,0.261619
1,8,-3.53532,1.26635,0.36211
1,9,5.14878,1.60796,-0.409208
1,10,0.0470901,0.769127,0.184179
2,0,-0.495089,0.807301,-1.91355,1.37207,-1.30793,-0.453857,-0.175794,-0.725746,-0.447469,-1.74674,0.946081
2,1,1.23556,-3.24748,8.76582,-7.33615,4.43691,3.39158,0.276594,-0.364852,-4.36474,4.27974,-3.57757

PARAMS
LEARNING_RATE,0.4
MIN_INPUT,0
MIN_OUTPUT,0
MAX_INPUT,5000
MAX_OUTPUT,300
MOMENTUM,0.2
