LAYERS
2,1,0.8,0,1
10,1,0.8,0,1
2,0,0.8,0,1

WEIGHTS
1,0,0.73752,0.125046,-1.41529
1,1,0.612234,-0.51349,-1.20125
1,2,3.22667,1.22525,-2.68897
1,3,-0.121845,-0.494712,-0.916231
1,4,1.49027,13.1647,-0.678924
1,5,-1.7986,0.36758,-0.86042
1,6,-1.97069,0.346982,-0.661904
1,7,2.25344,-0.983865,-1.01526
1,8,0.370715,0.169969,-1.34881
1,9,13.2785,-1.19094,-0.85542
1,10,0.794549,0.120365,0.938444
2,0,0.785167,1.09574,1.69943,0.849354,-3.96877,-0.0163533,-0.0935827,1.87123,0.715432,-2.87187,3.16165
2,1,-0.510386,-0.94024,1.42473,-1.41216,5.39188,-2.3017,-2.38967,-0.603647,-0.763448,5.94174,-5.89504

PARAMS
LEARNING_RATE,0.4
MIN_INPUT,0
MIN_OUTPUT,0
MAX_INPUT,5000
MAX_OUTPUT,300
MOMENTUM,0.6
