LAYERS
2,1,0.8,0,1
10,1,0.8,0,1
2,0,0.8,0,1

WEIGHTS
1,0,11.8581,-0.225903,-0.415068
1,1,2.30528,12.8253,-0.841819
1,2,-0.534163,1.54142,-1.67846
1,3,-1.91753,0.667882,-0.950622
1,4,7.12392,2.62518,-3.95332
1,5,1.21244,-0.198343,-1.64012
1,6,1.66694,-0.450405,-1.65028
1,7,2.00202,0.200132,-2.14856
1,8,1.09691,1.73874,-1.43597
1,9,-3.57149,1.99217,-1.20082
1,10,0.519791,0.185247,0.663015
2,0,-3.32619,-3.91659,-0.178997,0.949156,1.87703,0.67098,0.733944,0.264056,-0.777234,0.530087,4.68337
2,1,4.83119,5.13572,-1.62207,-2.49692,4.10092,-0.0579726,0.28355,0.60285,-0.673146,-3.82346,-6.0882

PARAMS
LEARNING_RATE,0.8
MIN_INPUT,0
MIN_OUTPUT,0
MAX_INPUT,5000
MAX_OUTPUT,300
MOMENTUM,0.2
