LAYERS
2,1,0.8,0,1
10,1,0.8,0,1
2,0,0.8,0,1

WEIGHTS
1,0,3.15902,2.66855,-4.54143
1,1,10.6154,5.412,-5.43588
1,2,7.17488,16.8941,-1.9068
1,3,-6.27109,-0.327644,-1.92423
1,4,-12.1954,0.286983,-1.59329
1,5,3.71072,4.40128,-4.61709
1,6,-11.9277,6.83436,-1.43286
1,7,3.20774,1.51031,-4.50539
1,8,-3.69594,-0.589116,-2.3809
1,9,2.96404,1.90868,-4.35206
1,10,0.977721,0.410443,0.78872
2,0,-1.05163,2.33136,-3.98999,3.81174,6.98057,-1.85637,-0.211325,0.336192,2.25214,-0.395431,2.27001
2,1,2.19637,3.12756,7.01161,-1.01459,-0.632699,2.58544,-4.23864,1.43986,-1.34634,1.79543,-5.77014

PARAMS
LEARNING_RATE,0.6
MIN_INPUT,0
MIN_OUTPUT,0
MAX_INPUT,5000
MAX_OUTPUT,300
MOMENTUM,0.8
