LAYERS
2,1,0.2,0,1
10,1,0.2,0,1
2,0,0.2,0,1

WEIGHTS
1,0,4.90977,1.52945,-0.630526
1,1,-10.348,-1.62667,1.9933
1,2,-9.84438,2.32862,1.26905
1,3,15.8909,3.03727,-2.9676
1,4,-1.49046,2.97842,0.496743
1,5,5.98954,0.0779411,-0.713767
1,6,6.53669,-0.567237,-0.97454
1,7,0.00744342,1.35116,0.535888
1,8,16.3753,3.08876,-3.0591
1,9,14.4745,-0.418051,-2.20831
1,10,0.596576,0.639363,0.735038
2,0,-1.33412,3.78733,-0.49404,-4.5625,-1.97029,0.0390977,0.543256,-0.504328,-4.62731,-0.556206,3.37296
2,1,2.9121,-11.9394,-11.9491,13.6959,-3.68739,4.19475,4.86032,-2.03321,14.1875,12.8781,-10.0749

PARAMS
LEARNING_RATE,0.2
MIN_INPUT,0
MIN_OUTPUT,0
MAX_INPUT,5000
MAX_OUTPUT,300
MOMENTUM,0.8
