LAYERS
2,1,0.6,0,1
10,1,0.6,0,1
2,0,0.6,0,1

WEIGHTS
1,0,0.602513,-0.762213,-3.46687
1,1,-7.6399,9.13397,-3.0265
1,2,-2.86363,-22.5765,1.17941
1,3,16.6384,1.56427,-0.110177
1,4,-1.75156,0.665649,-3.83119
1,5,-3.83817,0.967155,-3.8763
1,6,14.8509,7.02927,-7.36613
1,7,-0.276241,-1.4796,-3.1032
1,8,0.661314,-0.0289676,-3.69561
1,9,9.2321,0.718778,-3.36577
1,10,0.245033,0.25013,0.387555
2,0,0.226951,-0.582803,5.48102,-6.62331,0.66234,1.23246,2.84942,0.826001,-0.0746791,-1.85128,4.56573
2,1,0.122715,-4.7765,-11.1889,4.53198,-1.22664,-2.3576,6.02449,-0.438413,0.183957,2.37853,-2.45934

PARAMS
LEARNING_RATE,0.8
MIN_INPUT,0
MIN_OUTPUT,0
MAX_INPUT,5000
MAX_OUTPUT,300
MOMENTUM,0.8
