LAYERS
2,1,0.6,0,1
8,1,0.6,0,1
2,0,0.6,0,1

WEIGHTS
1,0,-1.81783,0.666418,-1.73092
1,1,8.33567,15.6515,-1.2848
1,2,2.30867,-1.10248,-1.20877
1,3,1.21378,0.908556,-1.98403
1,4,15.863,-3.53433,0.693056
1,5,6.30494,1.55155,-4.05771
1,6,0.311698,-0.803181,-0.904637
1,7,-3.86368,-2.48403,2.8871
1,8,0.256417,0.975036,0.023072
2,0,-0.0169794,-6.60403,2.36507,0.427686,-3.91329,2.92376,1.67587,1.85021,5.08263
2,1,-2.41621,6.93731,-0.663291,-0.0352432,8.13462,3.14612,-1.62164,-5.72323,-7.06759

PARAMS
LEARNING_RATE,0.6
MIN_INPUT,0
MIN_OUTPUT,0
MAX_INPUT,5000
MAX_OUTPUT,300
MOMENTUM,0.6
