LAYERS
2,1,0.8,0,1
8,1,0.8,0,1
2,0,0.8,0,1

WEIGHTS
1,0,1.47231,0.261804,-0.354534
1,1,-0.814429,0.114239,0.910872
1,2,-0.83969,0.741217,0.00402412
1,3,6.48239,-0.188438,-1.27127
1,4,2.83766,0.0121229,-1.23618
1,5,6.82219,4.49622,-0.465817
1,6,8.35857,-0.73139,0.0313609
1,7,1.58949,-0.0860174,-0.250632
1,8,0.0390027,0.324961,0.624256
2,0,1.2557,0.606805,-0.558845,0.237479,1.87485,-3.15764,-3.17576,1.75181,1.96017
2,1,-0.0296573,-2.52284,-1.65671,4.76242,1.2488,4.00755,4.40062,-0.123949,-5.72568

PARAMS
LEARNING_RATE,0.2
MIN_INPUT,0
MIN_OUTPUT,0
MAX_INPUT,5000
MAX_OUTPUT,300
MOMENTUM,0.4
