LAYERS
2,1,0.6,0,1
10,1,0.6,0,1
2,0,0.6,0,1

WEIGHTS
1,0,6.6494,3.3943,-0.162241
1,1,-1.2542,0.627009,0.330398
1,2,-0.0280774,0.667,0.340804
1,3,-0.343015,0.201553,0.384221
1,4,5.85439,1.71469,-0.360621
1,5,0.843539,1.84792,-0.221134
1,6,-1.67414,0.48349,0.742437
1,7,-3.27891,0.454984,0.571247
1,8,-3.30872,-0.0289275,0.617332
1,9,8.6252,-0.846792,-0.792257
1,10,0.512406,0.0897855,0.98645
2,0,-2.69918,-0.0313331,0.376992,0.757284,-1.40659,-0.793878,0.0169882,0.141167,0.525329,-0.353571,2.02909
2,1,4.77656,-1.94811,-0.825398,-1.15683,4.4842,0.282059,-2.45733,-3.96487,-3.9468,7.84501,-2.41106

PARAMS
LEARNING_RATE,0.2
MIN_INPUT,0
MIN_OUTPUT,0
MAX_INPUT,5000
MAX_OUTPUT,300
MOMENTUM,0.2
