LAYERS
2,1,0.6,0,1
8,1,0.6,0,1
2,0,0.6,0,1

WEIGHTS
1,0,10.2445,2.61945,-0.467824
1,1,0.941292,2.71707,0.183778
1,2,-1.95036,-0.095174,0.592211
1,3,-0.0269221,0.678623,0.237434
1,4,7.53427,-0.382748,-0.995475
1,5,4.40901,0.0619915,-1.353
1,6,-1.41193,0.926546,0.150632
1,7,-4.11536,0.473254,0.483532
1,8,0.919523,0.962554,0.0722373
2,0,-4.13404,-1.00092,0.850464,0.510438,-0.253175,1.03184,-0.29479,0.111507,2.24713
2,1,7.02919,0.353637,-2.97381,-1.04707,6.38642,3.62806,-2.19896,-4.84802,-3.72708

PARAMS
LEARNING_RATE,0.2
MIN_INPUT,0
MIN_OUTPUT,0
MAX_INPUT,5000
MAX_OUTPUT,300
MOMENTUM,0.4
