LAYERS
2,1,0.6,0,1
10,1,0.6,0,1
2,0,0.6,0,1

WEIGHTS
1,0,0.795628,-0.787888,-2.81123
1,1,-7.79958,10.9215,-3.42177
1,2,-5.35562,-2.88515,0.186243
1,3,15.7696,0.717709,0.589979
1,4,-2.02318,0.414432,-3.22582
1,5,-4.36444,1.01907,-3.50616
1,6,13.4388,6.26099,-6.71758
1,7,0.477951,-1.78833,-2.11824
1,8,0.490167,-0.025809,-3.09211
1,9,5.15937,18.1129,-1.65157
1,10,0.245033,0.25013,0.387555
2,0,0.818024,0.3327,4.22933,-5.85318,0.917738,1.51709,2.84461,1.19456,0.47217,-3.70094,5.27668
2,1,-0.700721,-5.71972,-4.13636,2.30269,-1.7257,-2.97605,7.53029,-1.71432,-0.421088,8.09295,-6.01624

PARAMS
LEARNING_RATE,0.6
MIN_INPUT,0
MIN_OUTPUT,0
MAX_INPUT,5000
MAX_OUTPUT,300
MOMENTUM,0.8
