LAYERS
2,1,0.4,0,1
10,1,0.4,0,1
2,0,0.4,0,1

WEIGHTS
1,0,1.5136,0.23413,-0.579215
1,1,4.41939,2.41176,-1.96885
1,2,-9.71993,4.38829,-3.06802
1,3,-5.25648,0.0998105,0.0215557
1,4,12.6795,1.90138,-0.698627
1,5,8.27439,1.90302,-4.63372
1,6,-9.16479,4.01556,-2.92699
1,7,-2.08861,1.37993,-1.66378
1,8,6.50791,1.56675,-3.60824
1,9,14.696,14.0707,-1.97101
1,10,0.329234,0.799707,0.136143
2,0,2.24095,1.87037,3.89595,0.908897,-4.84019,5.85411,3.52987,-0.0863264,2.90233,-9.60697,4.04131
2,1,-0.783668,2.46162,-8.54542,-6.06175,5.54031,4.484,-8.24082,-2.70187,4.26405,8.77652,-5.91556

PARAMS
LEARNING_RATE,0.8
MIN_INPUT,0
MIN_OUTPUT,0
MAX_INPUT,5000
MAX_OUTPUT,300
MOMENTUM,0.6
