LAYERS
2,1,0.2,0,1
10,1,0.2,0,1
2,0,0.2,0,1

WEIGHTS
1,0,17.0536,2.50604,-2.53476
1,1,1.69307,2.70767,0.045193
1,2,3.61176,0.436133,0.286901
1,3,9.02414,0.790942,-1.17183
1,4,-6.98941,-2.23545,1.01367
1,5,-6.56179,2.15485,0.90686
1,6,-5.55013,2.40576,0.675883
1,7,-15.5214,-0.364152,1.88365
1,8,10.442,-1.09806,-0.974774
1,9,14.8746,2.81018,-2.38696
1,10,0.138646,0.414136,0.609333
2,0,-4.37027,-2.20524,-0.196079,-1.1842,3.72942,-0.953943,-1.27918,2.91423,0.393524,-4.12748,2.52682
2,1,15.5676,0.367505,2.44048,7.90298,-7.69587,-7.81993,-6.82936,-16.3686,9.54948,13.4156,-5.57922

PARAMS
LEARNING_RATE,0.8
MIN_INPUT,0
MIN_OUTPUT,0
MAX_INPUT,5000
MAX_OUTPUT,300
MOMENTUM,0.2
