LAYERS
2,1,0.6,0,1
8,1,0.6,0,1
2,0,0.6,0,1

WEIGHTS
1,0,-2.19447,0.0812531,0.141725
1,1,-7.55505,4.86394,-2.75453
1,2,8.5616,1.39136,-2.82633
1,3,1.72004,2.33917,-0.80434
1,4,3.05931,1.15861,-1.72467
1,5,3.20365,1.04172,-1.87378
1,6,1.3091,1.24004,-0.97205
1,7,13.7435,7.70764,-1.46068
1,8,0.702078,0.31251,0.673391
2,0,1.09763,2.71961,0.939591,1.30231,1.33673,2.18899,1.61763,-8.42231,2.30871
2,1,-3.26842,-7.36728,6.67572,0.706875,1.73619,1.67632,0.108291,6.30378,-5.51531

PARAMS
LEARNING_RATE,0.2
MIN_INPUT,0
MIN_OUTPUT,0
MAX_INPUT,5000
MAX_OUTPUT,300
MOMENTUM,0.8
