LAYERS
2,1,0.2,0,1
8,1,0.2,0,1
2,0,0.2,0,1

WEIGHTS
1,0,16.6961,1.29604,-2.39291
1,1,-10.1887,1.30427,1.2254
1,2,-1.53293,1.4733,0.226297
1,3,14.4207,3.98582,-2.58689
1,4,-14.5816,-0.271977,1.76313
1,5,11.6759,0.272624,-1.571
1,6,9.79423,2.30939,-1.42316
1,7,-4.60468,2.24163,0.914907
1,8,0.789148,0.562761,0.667684
2,0,-2.68862,0.542999,-0.356452,-5.05161,2.87375,-0.890397,-2.76078,-0.950585,3.2379
2,1,15.4704,-11.3893,-2.72186,12.7976,-15.5284,10.5821,8.41621,-5.94518,-5.73622

PARAMS
LEARNING_RATE,0.8
MIN_INPUT,0
MIN_OUTPUT,0
MAX_INPUT,5000
MAX_OUTPUT,300
MOMENTUM,0.2
