LAYERS
2,1,0.6,0,1
8,1,0.6,0,1
2,0,0.6,0,1

WEIGHTS
1,0,14.3457,7.28447,-1.60452
1,1,0.481684,0.0251957,-1.08137
1,2,-4.50445,3.42312,-2.55664
1,3,-2.04826,1.86269,-1.91385
1,4,8.90547,2.38022,-3.6273
1,5,-0.243413,1.88288,-1.86248
1,6,-4.7516,4.1175,-2.77384
1,7,4.15856,0.964692,-2.10343
1,8,0.365123,0.300027,0.722526
2,0,-8.07648,1.119,1.44269,1.49755,2.61579,1.19033,1.73303,0.878407,3.06392
2,1,7.28073,-0.331804,-4.69897,-2.43467,6.79019,-1.03666,-5.00635,2.88589,-5.07779

PARAMS
LEARNING_RATE,0.8
MIN_INPUT,0
MIN_OUTPUT,0
MAX_INPUT,5000
MAX_OUTPUT,300
MOMENTUM,0.4
