LAYERS
2,1,0.6,0,1
8,1,0.6,0,1
2,0,0.6,0,1

WEIGHTS
1,0,11.488,7.60888,-1.28557
1,1,-4.16661,1.10571,-0.237473
1,2,1.57851,1.52883,-0.688146
1,3,8.6368,-1.86048,0.470662
1,4,0.778173,0.870554,-0.448471
1,5,-2.86923,0.671523,0.433965
1,6,6.49864,1.36127,-3.41906
1,7,6.22998,-0.0934203,-1.18375
1,8,0.473861,0.62508,0.421949
2,0,-6.58473,0.69788,1.27183,-2.674,1.57517,1.82989,4.42741,-0.459145,3.04859
2,1,5.95493,-5.18323,-0.0172667,5.02687,-0.617654,-4.06618,4.15529,3.84737,-5.6876

PARAMS
LEARNING_RATE,0.6
MIN_INPUT,0
MIN_OUTPUT,0
MAX_INPUT,5000
MAX_OUTPUT,300
MOMENTUM,0.2
