LAYERS
2,1,0.6,0,1
10,1,0.6,0,1
2,0,0.6,0,1

WEIGHTS
1,0,6.98522,1.93853,-3.03943
1,1,1.73919,9.02292,-0.408789
1,2,3.49514,0.820497,-1.92325
1,3,1.38362,0.551401,-0.917614
1,4,0.866189,2.02746,-0.702059
1,5,-6.13851,3.52861,-1.90974
1,6,-0.167245,0.804745,-0.462396
1,7,-4.7232,2.4518,-1.39796
1,8,-2.78261,1.05638,-0.55589
1,9,13.6154,4.69515,-0.997073
1,10,0.695578,0.379864,0.836726
2,0,3.27087,-2.74734,1.73947,1.59812,0.728758,2.17432,1.36835,1.65535,0.371525,-7.06613,2.73916
2,1,4.81891,4.4621,2.02285,-0.0113427,-0.211181,-6.20718,-1.39085,-5.07623,-3.4658,5.79995,-4.46884

PARAMS
LEARNING_RATE,0.8
MIN_INPUT,0
MIN_OUTPUT,0
MAX_INPUT,5000
MAX_OUTPUT,300
MOMENTUM,0.2
