LAYERS
2,1,0.4,0,1
10,1,0.4,0,1
2,0,0.4,0,1

WEIGHTS
1,0,1.34309,-0.0165775,0.338415
1,1,4.58088,2.60457,-0.219768
1,2,-7.42296,1.14867,-0.239053
1,3,-4.82524,0.507235,0.530309
1,4,10.5053,2.15345,0.168375
1,5,6.07971,-0.382277,-2.9261
1,6,-7.15706,1.2048,-0.251966
1,7,-1.78832,1.98714,-0.659974
1,8,5.92449,0.625171,-1.6544
1,9,13.2042,4.11377,-0.145039
1,10,0.329234,0.799707,0.136143
2,0,1.82928,-0.0827405,1.4321,0.170345,-3.39347,3.58321,1.27428,-1.29418,0.87765,-5.77275,3.00171
2,1,-0.371794,2.85299,-7.69777,-5.84094,6.49425,4.48792,-7.53791,-2.28747,4.47565,7.87978,-4.57964

PARAMS
LEARNING_RATE,0.2
MIN_INPUT,0
MIN_OUTPUT,0
MAX_INPUT,5000
MAX_OUTPUT,300
MOMENTUM,0.8
