LAYERS
2,1,0.6,0,1
8,1,0.6,0,1
2,0,0.6,0,1

WEIGHTS
1,0,11.3356,9.93169,-1.55316
1,1,-4.89291,1.59727,-1.05808
1,2,1.49141,1.35687,-0.990126
1,3,9.84728,-2.51152,1.1303
1,4,0.600883,0.583781,-0.662951
1,5,-3.40482,0.220762,0.280665
1,6,7.27322,1.54167,-3.79943
1,7,6.33493,0.478984,-1.91177
1,8,0.473861,0.62508,0.421949
2,0,-6.86886,1.58126,1.30179,-3.14532,1.58183,2.37496,4.41353,-0.231746,3.74294
2,1,5.90683,-5.4888,-0.119614,5.18579,-0.778275,-4.2597,4.35217,3.74221,-6.44759

PARAMS
LEARNING_RATE,0.8
MIN_INPUT,0
MIN_OUTPUT,0
MAX_INPUT,5000
MAX_OUTPUT,300
MOMENTUM,0.2
