LAYERS
2,1,0.4,0,1
8,1,0.4,0,1
2,0,0.4,0,1

WEIGHTS
1,0,0.758312,3.04384,0.182023
1,1,5.8055,-1.32554,-1.19003
1,2,5.73747,1.71023,-0.487936
1,3,-1.15342,0.183295,0.438104
1,4,8.69206,1.20667,-0.91872
1,5,-4.1108,1.75422,0.493529
1,6,-11.6911,-1.34898,0.507009
1,7,9.55275,0.539319,-1.02529
1,8,0.908689,0.925169,0.219672
2,0,-2.27311,1.80036,-1.41877,0.433759,-1.58599,-1.61845,3.90135,-1.45441,1.64415
2,1,-0.226252,5.00242,4.27379,-2.26239,7.09329,-5.1163,-11.0374,7.96949,-4.33205

PARAMS
LEARNING_RATE,0.4
MIN_INPUT,0
MIN_OUTPUT,0
MAX_INPUT,5000
MAX_OUTPUT,300
MOMENTUM,0.2
