LAYERS
2,1,0.4,0,1
10,1,0.4,0,1
2,0,0.4,0,1

WEIGHTS
1,0,4.54667,-0.0497836,-1.88134
1,1,2.06121,1.03195,-0.415724
1,2,11.6194,4.33582,-0.135759
1,3,-13.9016,2.65447,-1.15328
1,4,7.21008,0.292119,-1.94843
1,5,-4.88212,0.395864,1.33772
1,6,6.70656,0.0229772,-3.13349
1,7,4.96958,5.35781,0.608824
1,8,0.27444,-1.34692,-0.0212661
1,9,4.21721,5.00682,0.517901
1,10,0.0544755,0.864589,0.860744
2,0,1.9812,0.41895,-4.94555,5.32728,0.774321,-1.35681,2.68896,-2.49833,1.82001,-2.04533,2.59998
2,1,2.91546,0.515139,7.03718,-11.9181,5.49985,-6.23928,5.15779,3.11596,-1.82254,2.72465,-6.35318

PARAMS
LEARNING_RATE,0.6
MIN_INPUT,0
MIN_OUTPUT,0
MAX_INPUT,5000
MAX_OUTPUT,300
MOMENTUM,0.4
