LAYERS
2,1,0.8,0,1
8,1,0.8,0,1
2,0,0.8,0,1

WEIGHTS
1,0,17.5321,-3.40765,-1.09129
1,1,2.70256,5.6477,-4.86043
1,2,13.6744,7.00179,-7.81401
1,3,-1.78616,-1.27308,-2.54152
1,4,4.41349,0.314682,-4.85766
1,5,-2.77193,0.422448,-3.29777
1,6,-4.18551,-19.7566,1.64974
1,7,-3.57817,-0.0975615,-2.22029
1,8,0.712912,0.349895,0.525956
2,0,-1.60172,-3.01547,2.35918,1.55616,-1.48945,1.68517,5.32724,2.6539,-0.0399043
2,1,4.28453,0.0243679,3.65904,0.490333,0.731219,-0.724511,-8.82463,-0.277942,-1.91823

PARAMS
LEARNING_RATE,0.8
MIN_INPUT,0
MIN_OUTPUT,0
MAX_INPUT,5000
MAX_OUTPUT,300
MOMENTUM,0.8
