LAYERS
2,1,0.8,0,1
8,1,0.8,0,1
2,0,0.8,0,1

WEIGHTS
1,0,8.56764,3.19827,-4.97326
1,1,11.6327,10.3984,-1.50847
1,2,5.0658,6.22034,-4.85961
1,3,0.118851,-1.90257,-1.52019
1,4,-5.14129,0.930415,-2.56381
1,5,-3.24183,1.92952,-4.2106
1,6,-8.9444,9.21776,-3.23548
1,7,4.57847,2.3233,-4.65745
1,8,0.267251,0.0123905,0.875668
2,0,3.08943,-5.40771,-2.79013,0.547224,3.02815,0.659851,1.60201,0.530161,3.79717
2,1,4.12382,6.15534,4.49396,-1.99265,-1.49368,-1.85674,-4.62303,2.92539,-5.06354

PARAMS
LEARNING_RATE,0.4
MIN_INPUT,0
MIN_OUTPUT,0
MAX_INPUT,5000
MAX_OUTPUT,300
MOMENTUM,0.8
