LAYERS
2,1,0.6,0,1
8,1,0.6,0,1
2,0,0.6,0,1

WEIGHTS
1,0,5.41269,-0.749308,-1.24951
1,1,6.65015,-0.615886,-0.950052
1,2,2.43149,1.21805,-0.303738
1,3,-3.62418,0.840794,0.613945
1,4,4.7104,0.670962,-0.532371
1,5,1.47865,0.894047,-0.289055
1,6,4.89518,1.24662,-0.217065
1,7,-6.78833,-2.09297,0.0439555
1,8,0.0281991,0.287576,0.771691
2,0,0.788061,-0.129405,-0.713971,-0.491639,-0.900266,-0.386227,-1.52847,3.16153,0.64996
2,1,4.7486,5.77234,1.29093,-4.64976,3.36931,0.491263,3.22894,-6.20463,-4.65582

PARAMS
LEARNING_RATE,0.2
MIN_INPUT,0
MIN_OUTPUT,0
MAX_INPUT,5000
MAX_OUTPUT,300
MOMENTUM,0.2
