LAYERS
2,1,0.6,0,1
8,1,0.6,0,1
2,0,0.6,0,1

WEIGHTS
1,0,-6.05097,0.609021,-0.372713
1,1,11.1112,-2.72731,1.16733
1,2,3.56249,1.06878,-2.31709
1,3,0.0385336,1.20495,-0.312962
1,4,6.34332,0.939967,-0.977271
1,5,11.1337,10.5211,-1.6426
1,6,5.2529,1.26558,-3.06366
1,7,2.67326,0.874741,-1.6899
1,8,0.810785,0.637532,0.372814
2,0,2.00597,-2.92035,2.89338,2.25927,-1.09622,-6.58121,2.52969,1.91125,3.74456
2,1,-6.64004,6.36505,1.16951,-1.86282,2.07924,5.66454,2.9631,0.698831,-8.28456

PARAMS
LEARNING_RATE,0.4
MIN_INPUT,0
MIN_OUTPUT,0
MAX_INPUT,5000
MAX_OUTPUT,300
MOMENTUM,0.6
