LAYERS
2,1,0.2,0,1
8,1,0.2,0,1
2,0,0.2,0,1

WEIGHTS
1,0,7.56104,0.356332,-1.1791
1,1,8.75171,1.64288,-1.62149
1,2,-6.0501,0.124282,0.963767
1,3,-2.87073,1.12763,0.556524
1,4,-3.06218,0.239815,0.79147
1,5,5.31643,1.70705,-0.476207
1,6,5.47143,1.20024,-0.506546
1,7,4.68097,1.42977,-0.465119
1,8,0.680441,0.237739,0.968261
2,0,-0.7831,-2.51652,1.45889,-0.0917767,0.778578,-1.88229,-1.28193,-1.40197,1.21935
2,1,6.64558,7.68238,-7.05139,-3.99403,-4.12084,4.11215,4.36481,3.56429,-5.38827

PARAMS
LEARNING_RATE,0.2
MIN_INPUT,0
MIN_OUTPUT,0
MAX_INPUT,5000
MAX_OUTPUT,300
MOMENTUM,0.6
