LAYERS
2,1,0.4,0,1
10,1,0.4,0,1
2,0,0.4,0,1

WEIGHTS
1,0,-0.39386,1.91882,0.522973
1,1,-5.87434,-0.20034,1.21565
1,2,1.01502,-2.74883,0.357142
1,3,6.24331,0.990895,-1.11502
1,4,0.912142,0.830474,0.228347
1,5,16.7795,0.853937,-1.30805
1,6,4.38066,1.68081,-0.634815
1,7,-1.86892,0.32146,1.19783
1,8,1.46627,2.08677,0.248645
1,9,4.92644,-0.663693,-0.94145
1,10,0.146062,0.509629,0.285867
2,0,-1.42644,0.448019,3.35882,-0.433266,-0.0500222,-4.36694,-0.946678,0.0751142,-1.25982,1.30987,1.8602
2,1,-1.75562,-7.18304,-0.72461,4.82948,-0.499602,13.8839,2.90518,-3.44299,0.0239538,3.67105,-6.20647

PARAMS
LEARNING_RATE,0.2
MIN_INPUT,0
MIN_OUTPUT,0
MAX_INPUT,5000
MAX_OUTPUT,300
MOMENTUM,0.6
