LAYERS
2,1,0.2,0,1
10,1,0.2,0,1
2,0,0.2,0,1

WEIGHTS
1,0,3.70224,1.34438,0.357906
1,1,0.86169,1.10443,0.471224
1,2,1.3164,0.38838,0.838867
1,3,2.21409,0.758737,0.180754
1,4,-0.693105,-0.371273,0.118078
1,5,-0.569613,0.879595,0.835926
1,6,-0.37632,0.950856,0.590191
1,7,-2.13852,-0.00921968,0.643882
1,8,2.49663,0.0838746,0.589939
1,9,3.16245,1.40694,-0.308538
1,10,0.138646,0.414136,0.609333
2,0,-1.29736,-0.872964,-0.356978,-0.397625,0.92203,-0.593256,-0.654506,0.338904,-0.107128,-1.13815,0.567556
2,1,3.0894,0.285131,0.598998,1.61542,-1.05621,-1.17585,-1.03117,-2.69354,1.96456,2.6621,-2.11142

PARAMS
LEARNING_RATE,0.2
MIN_INPUT,0
MIN_OUTPUT,0
MAX_INPUT,5000
MAX_OUTPUT,300
MOMENTUM,0.4
