LAYERS
2,1,0.4,0,1
8,1,0.4,0,1
2,0,0.4,0,1

WEIGHTS
1,0,15.3745,18.4403,-1.64566
1,1,14.8907,1.0874,-0.523592
1,2,-3.43002,-1.07223,-0.512338
1,3,-12.8606,7.15077,-3.93135
1,4,14.2602,3.78834,-7.16567
1,5,-1.77143,-1.23123,-0.438906
1,6,5.82863,1.22611,-4.23228
1,7,-3.95774,0.12065,-1.72207
1,8,0.582568,0.950102,0.121372
2,0,-10.0958,-5.50656,3.21225,3.60793,5.55873,3.21698,1.67214,2.27508,6.66375
2,1,9.15631,5.86411,-4.19192,-10.7748,9.88409,-3.06256,3.5796,-4.33834,-7.90874

PARAMS
LEARNING_RATE,0.6
MIN_INPUT,0
MIN_OUTPUT,0
MAX_INPUT,5000
MAX_OUTPUT,300
MOMENTUM,0.8
