LAYERS
2,1,0.4,0,1
8,1,0.4,0,1
2,0,0.4,0,1

WEIGHTS
1,0,9.15356,1.16399,-1.60005
1,1,1.42331,1.2786,-0.453293
1,2,2.99722,0.361119,-1.00048
1,3,-14.8783,5.65841,-2.93404
1,4,9.386,1.61014,-4.76487
1,5,1.20317,0.859526,-0.530233
1,6,-3.39701,-0.163822,0.842925
1,7,14.9464,12.8752,-2.03984
1,8,0.799982,0.600146,0.520249
2,0,-0.622116,1.17557,2.32185,6.34857,3.88887,1.30746,-1.02334,-9.54924,3.14188
2,1,6.23663,-0.319315,0.784954,-12.6505,7.55593,-0.642017,-4.77715,9.65437,-6.75978

PARAMS
LEARNING_RATE,0.8
MIN_INPUT,0
MIN_OUTPUT,0
MAX_INPUT,5000
MAX_OUTPUT,300
MOMENTUM,0.4
