LAYERS
2,1,0.2,0,1
8,1,0.2,0,1
2,0,0.2,0,1

WEIGHTS
1,0,12.7675,2.14485,-2.45347
1,1,-7.24078,-0.816277,1.61367
1,2,2.07951,1.83041,0.330218
1,3,8.69753,1.69313,-1.47302
1,4,1.65419,2.80794,0.397349
1,5,-10.0824,0.550851,1.62805
1,6,6.93533,1.28534,-1.1044
1,7,8.26045,-0.366853,-1.10387
1,8,0.234779,0.900266,0.317972
2,0,-3.65967,2.56826,-1.31187,-2.39361,-2.30293,1.72153,-1.49782,-0.185742,1.96637
2,1,11.5467,-8.23184,0.711541,7.45009,0.0708586,-11.2542,5.73857,7.27083,-5.96356

PARAMS
LEARNING_RATE,0.4
MIN_INPUT,0
MIN_OUTPUT,0
MAX_INPUT,5000
MAX_OUTPUT,300
MOMENTUM,0.4
