LAYERS
2,1,0.4,0,1
8,1,0.4,0,1
2,0,0.4,0,1

WEIGHTS
1,0,3.79414,-0.500249,-1.51347
1,1,-4.49888,-0.8303,0.392116
1,2,11.731,-1.05684,-0.126032
1,3,5.42964,9.73844,0.0615872
1,4,8.17267,0.745683,-0.77395
1,5,8.98307,0.123369,-0.905259
1,6,-7.0476,0.140303,0.289274
1,7,-6.25728,0.491086,0.884668
1,8,0.35432,0.262642,0.869961
2,0,2.94886,1.16706,-2.38675,-4.39584,-0.794424,-0.856003,1.45899,0.388478,2.62943
2,1,1.7134,-5.53592,8.31406,4.53707,5.34272,6.17688,-7.51389,-7.40219,-5.55871

PARAMS
LEARNING_RATE,0.8
MIN_INPUT,0
MIN_OUTPUT,0
MAX_INPUT,5000
MAX_OUTPUT,300
MOMENTUM,0.2
