LAYERS
2,1,0.2,0,1
10,1,0.2,0,1
2,0,0.2,0,1

WEIGHTS
1,0,11.062,-1.54976,-1.84197
1,1,14.1602,3.27909,-2.20471
1,2,6.0017,3.68554,-0.801587
1,3,2.61627,4.14867,-0.596425
1,4,5.8412,-1.99394,-0.495509
1,5,-20.2396,1.92515,1.77843
1,6,14.5289,0.936652,-2.13505
1,7,16.951,3.63895,-2.35297
1,8,-6.61247,-0.103885,1.31273
1,9,-4.51989,-2.48303,1.19567
1,10,0.50499,0.994324,0.309885
2,0,1.48664,-3.89227,-3.30457,-3.52385,2.33726,1.30763,-1.8153,-4.83148,1.27212,3.50962,3.05373
2,1,9.48643,11.6829,3.74027,0.501647,4.11003,-21.9593,12.4488,14.1732,-8.52409,-6.28172,-10.0859

PARAMS
LEARNING_RATE,0.6
MIN_INPUT,0
MIN_OUTPUT,0
MAX_INPUT,5000
MAX_OUTPUT,300
MOMENTUM,0.6
