LAYERS
2,1,0.6,0,1
8,1,0.6,0,1
2,0,0.6,0,1

WEIGHTS
1,0,-4.87632,0.325184,0.974351
1,1,9.09939,-1.27479,-0.13309
1,2,2.84989,0.386937,-1.32567
1,3,0.0860265,1.04374,0.157889
1,4,5.90997,1.86893,0.200485
1,5,10.1331,4.96091,-0.529809
1,6,4.38796,0.467419,-1.85102
1,7,2.3944,0.539516,-0.854982
1,8,0.810785,0.637532,0.372814
2,0,0.219615,-1.71699,2.15239,1.42958,-1.24357,-5.03031,1.29361,1.25543,2.64143
2,1,-6.41219,6.76083,1.08635,-1.78311,2.71924,4.92846,2.84217,0.781373,-6.74002

PARAMS
LEARNING_RATE,0.2
MIN_INPUT,0
MIN_OUTPUT,0
MAX_INPUT,5000
MAX_OUTPUT,300
MOMENTUM,0.6
