LAYERS
2,1,0.4,0,1
8,1,0.4,0,1
2,0,0.4,0,1

WEIGHTS
1,0,9.00297,0.356669,-3.39928
1,1,-12.5011,3.57198,-1.5983
1,2,-3.92155,1.10119,0.228667
1,3,15.1331,7.28732,-1.01226
1,4,6.58293,1.9028,-1.00133
1,5,1.24087,1.39142,-0.777259
1,6,1.11696,1.42941,-0.0677582
1,7,-1.10593,-1.80023,-0.13755
1,8,0.136906,0.612598,0.471114
2,0,2.3715,3.79042,-1.64987,-7.41818,0.150375,0.676971,0.601012,1.58092,2.56577
2,1,7.73062,-11.6941,-4.72909,9.73595,4.73624,0.0514941,-0.230596,-2.97656,-4.86102

PARAMS
LEARNING_RATE,0.2
MIN_INPUT,0
MIN_OUTPUT,0
MAX_INPUT,5000
MAX_OUTPUT,300
MOMENTUM,0.8
