LAYERS
2,1,0.4,0,1
10,1,0.4,0,1
2,0,0.4,0,1

WEIGHTS
1,0,17.9591,-5.22458,2.44315
1,1,7.22951,1.32091,-4.33184
1,2,-7.04059,0.226674,0.129634
1,3,-5.118,-0.0779144,0.281469
1,4,0.392844,-0.950551,0.10764
1,5,14.3524,16.2644,-1.98363
1,6,1.81299,1.73279,-1.28428
1,7,2.27619,-0.293062,-0.595028
1,8,4.6381,0.574028,-2.63655
1,9,-6.94815,-0.578397,-0.13736
1,10,0.42082,0.444746,0.561296
2,0,-6.41016,4.21443,0.936385,0.687326,2.6262,-9.6212,1.94699,3.42752,3.77877,2.60756,4.68547
2,1,9.8469,4.40193,-7.84533,-6.25418,-2.42257,8.78916,0.104952,-0.741183,1.93941,-6.72017,-6.21661

PARAMS
LEARNING_RATE,0.4
MIN_INPUT,0
MIN_OUTPUT,0
MAX_INPUT,5000
MAX_OUTPUT,300
MOMENTUM,0.8
