LAYERS
2,1,0.6,0,1
10,1,0.6,0,1
2,0,0.6,0,1

WEIGHTS
1,0,13.5522,-0.844959,0.554331
1,1,-5.25633,0.944637,-0.616761
1,2,7.64759,1.66011,-4.01518
1,3,4.29751,15.7287,-1.14047
1,4,8.01973,-0.537107,-1.12174
1,5,-3.28294,1.04487,-0.466507
1,6,2.23149,-0.815279,-1.40348
1,7,2.04919,-0.718953,-1.33421
1,8,-1.82032,0.0197927,-0.238323
1,9,0.766654,1.24753,-1.18704
1,10,0.878719,0.669973,0.687002
2,0,-5.12383,2.06349,3.24024,-5.57439,-0.603764,1.0111,2.30904,2.24253,1.53485,0.506577,4.68176
2,1,5.34182,-5.22645,4.05088,6.39664,3.64714,-4.26111,-0.19182,-0.238061,-2.99479,-1.14416,-6.65259

PARAMS
LEARNING_RATE,0.8
MIN_INPUT,0
MIN_OUTPUT,0
MAX_INPUT,5000
MAX_OUTPUT,300
MOMENTUM,0.4
