LAYERS
2,1,0.4,0,1
8,1,0.4,0,1
2,0,0.4,0,1

WEIGHTS
1,0,5.77701,1.14336,-1.77021
1,1,1.60101,2.79193,-0.561324
1,2,3.34498,-1.62523,-0.804411
1,3,9.09314,8.75114,-0.484457
1,4,16.4586,-1.7691,0.179867
1,5,-3.7899,-0.143676,0.97006
1,6,-8.60291,-0.10335,0.549016
1,7,5.68796,-0.30065,-2.68648
1,8,0.245613,0.937651,0.170507
2,0,1.12142,-0.469128,3.6431,-4.78152,-5.31973,0.370667,1.76652,3.55478,2.73677
2,1,3.71716,0.131472,0.396163,6.11816,10.9146,-5.63518,-9.22671,3.41683,-7.57802

PARAMS
LEARNING_RATE,0.4
MIN_INPUT,0
MIN_OUTPUT,0
MAX_INPUT,5000
MAX_OUTPUT,300
MOMENTUM,0.6
