LAYERS
2,1,0.8,0,1
8,1,0.8,0,1
2,0,0.8,0,1

WEIGHTS
1,0,-0.520996,-0.0918368,1.33396
1,1,-1.28812,0.383133,-0.243018
1,2,0.830417,1.10921,-0.726706
1,3,5.2036,3.7409,-0.531581
1,4,-2.77394,-0.185658,0.447426
1,5,4.5805,0.555617,-2.15283
1,6,10.339,-2.75155,0.907633
1,7,4.51719,8.01592,-0.712863
1,8,0.593371,0.987487,0.973968
2,0,1.55145,0.178925,1.07356,-2.03722,0.762261,3.57235,-3.15994,-3.5542,3.49049
2,1,-2.76386,-2.11688,-0.266419,2.53638,-3.6682,1.93277,5.80342,3.7954,-4.84145

PARAMS
LEARNING_RATE,0.4
MIN_INPUT,0
MIN_OUTPUT,0
MAX_INPUT,5000
MAX_OUTPUT,300
MOMENTUM,0.2
