LAYERS
2,1,0.2,0,1
10,1,0.2,0,1
2,0,0.2,0,1

WEIGHTS
1,0,2.9995,0.978872,-0.150791
1,1,-5.2888,-0.483362,0.903524
1,2,16.2558,1.57315,-2.58353
1,3,-12.5955,-0.454322,1.72593
1,4,8.69037,1.66691,-1.22384
1,5,6.7216,0.671047,-0.777227
1,6,1.1447,0.886525,0.00114922
1,7,0.211306,1.59701,0.203702
1,8,-7.03878,1.75404,0.602104
1,9,8.58067,2.29227,-1.30811
1,10,0.0470901,0.769127,0.184179
2,0,-0.672676,1.74028,-3.37529,2.82077,-2.19125,-0.782033,-0.22123,-0.974643,-0.33538,-2.87323,1.88642
2,1,1.96371,-6.14499,15.3145,-13.4493,7.64674,5.78751,0.180699,-0.904473,-8.12212,7.41668,-4.91859

PARAMS
LEARNING_RATE,0.6
MIN_INPUT,0
MIN_OUTPUT,0
MAX_INPUT,5000
MAX_OUTPUT,300
MOMENTUM,0.2
