LAYERS
2,1,0.6,0,1
10,1,0.6,0,1
2,0,0.6,0,1

WEIGHTS
1,0,2.25933,2.51466,-0.562472
1,1,9.25167,10.7466,-1.07395
1,2,9.58189,0.276339,0.0156497
1,3,-8.81697,4.50743,-2.53027
1,4,-0.878621,-0.504776,0.088235
1,5,0.569055,0.390898,-0.929482
1,6,-2.96488,-0.298649,-0.077317
1,7,6.81151,1.43434,-3.62002
1,8,-2.68824,-0.941759,0.349985
1,9,3.86438,0.605231,-2.3847
1,10,0.970305,0.314982,0.112125
2,0,0.135548,-6.64404,-3.53309,2.95503,1.2334,1.22234,0.721973,3.67819,1.41657,2.09041,3.63593
2,1,1.28364,5.66251,4.19567,-7.48378,-2.11774,-0.440855,-3.59818,4.42915,-3.5141,2.29738,-4.02847

PARAMS
LEARNING_RATE,0.4
MIN_INPUT,0
MIN_OUTPUT,0
MAX_INPUT,5000
MAX_OUTPUT,300
MOMENTUM,0.6
