LAYERS
2,1,0.4,0,1
10,1,0.4,0,1
2,0,0.4,0,1

WEIGHTS
1,0,6.63724,0.260217,-2.06571
1,1,13.6432,-1.88447,0.549018
1,2,-9.42488,-1.28562,-0.4402
1,3,6.60936,0.707846,-1.31375
1,4,-6.19142,-0.896584,-0.00701174
1,5,3.09289,-0.388511,-0.916061
1,6,-0.679865,0.365728,0.552948
1,7,7.946,8.05847,0.0641616
1,8,3.82382,-0.941535,-1.24481
1,9,-4.04561,1.07503,0.847713
1,10,0.237648,0.154637,0.71102
2,0,1.17009,-4.20747,3.62916,0.314545,1.61646,2.2361,0.428203,-4.35536,2.92209,-1.80185,1.80786
2,1,4.86959,9.13892,-8.21419,4.49948,-6.55381,1.19124,-2.3925,5.15008,1.71249,-5.19713,-5.78957

PARAMS
LEARNING_RATE,0.4
MIN_INPUT,0
MIN_OUTPUT,0
MAX_INPUT,5000
MAX_OUTPUT,300
MOMENTUM,0.6
