LAYERS
2,1,0.6,0,1
10,1,0.6,0,1
2,0,0.6,0,1

WEIGHTS
1,0,-1.71617,-0.264092,0.132214
1,1,3.56537,0.179449,-2.06518
1,2,2.31801,0.453798,-1.33632
1,3,-0.21874,-0.334129,-0.1063
1,4,4.41202,0.959836,-2.70666
1,5,4.52101,0.801609,-2.63432
1,6,7.53602,11.7103,-1.00755
1,7,-7.34445,-1.71398,0.561246
1,8,12.5684,-4.47579,1.86057
1,9,2.62109,1.27599,-1.36427
1,10,0.787133,0.0249031,0.261849
2,0,0.0621048,2.31681,1.12861,1.16559,2.06452,2.06792,-5.93719,4.261,-3.56833,0.606203,2.9082
2,1,-3.17631,1.14234,0.382463,-2.10675,2.34884,2.34662,5.50466,-5.95599,7.2059,0.768484,-7.50831

PARAMS
LEARNING_RATE,0.6
MIN_INPUT,0
MIN_OUTPUT,0
MAX_INPUT,5000
MAX_OUTPUT,300
MOMENTUM,0.4
