LAYERS
2,1,0.2,0,1
8,1,0.2,0,1
2,0,0.2,0,1

WEIGHTS
1,0,18.4561,2.83247,-2.98224
1,1,-11.2283,-1.36119,1.98228
1,2,2.26596,2.52403,0.101908
1,3,12.1938,2.01951,-2.11453
1,4,1.49611,4.21588,0.0657513
1,5,-15.5539,0.913236,1.81028
1,6,9.55946,1.27275,-1.67412
1,7,11.6113,-1.4548,-1.52199
1,8,0.234779,0.900266,0.317972
2,0,-4.74616,3.48266,-1.84335,-2.80987,-3.51482,1.80959,-1.54786,0.908558,2.92134
2,1,16.5249,-12.4448,0.509068,10.5259,-0.479458,-16.9919,8.03489,10.432,-7.49099

PARAMS
LEARNING_RATE,0.6
MIN_INPUT,0
MIN_OUTPUT,0
MAX_INPUT,5000
MAX_OUTPUT,300
MOMENTUM,0.4
