LAYERS
2,1,0.6,0,1
8,1,0.6,0,1
2,0,0.6,0,1

WEIGHTS
1,0,0.60482,-0.106741,-3.71463
1,1,19.4443,-7.52966,-1.0384
1,2,13.936,6.0633,-7.45502
1,3,11.6859,12.5009,-0.710019
1,4,6.74063,-18.3822,-0.0592
1,5,5.09014,1.69708,-5.30594
1,6,5.95983,2.72544,-5.8885
1,7,-14.2958,1.51951,-2.15091
1,8,0.14771,0.649983,0.323649
2,0,-0.0231982,0.781693,2.23048,-8.26361,-0.589158,-1.16361,-1.509,9.18703,5.8247
2,1,0.0858515,7.826,6.71831,0.85899,-11.9003,2.24338,2.92134,-0.420595,-3.70575

PARAMS
LEARNING_RATE,0.8
MIN_INPUT,0
MIN_OUTPUT,0
MAX_INPUT,5000
MAX_OUTPUT,300
MOMENTUM,0.8
