LAYERS
2,1,0.4,0,1
10,1,0.4,0,1
2,0,0.4,0,1

WEIGHTS
1,0,3.57186,-0.33819,-1.22556
1,1,-7.19854,0.445847,0.504362
1,2,7.78112,0.114948,-1.81621
1,3,-0.690104,1.59368,-0.488758
1,4,1.14345,0.161222,-0.00591505
1,5,6.3075,6.68806,0.594318
1,6,7.35492,-0.296452,-3.04498
1,7,17.3252,1.73296,-0.666006
1,8,-3.12999,0.933942,0.105358
1,9,-1.40243,0.945264,0.462055
1,10,0.871334,0.57448,0.0104373
2,0,2.46586,1.07004,0.61743,-0.425088,1.52596,-2.64722,3.11309,-7.66352,-0.175469,-0.139445,3.53668
2,1,1.76993,-7.94274,5.9423,-1.88172,-0.646358,4.51249,5.83676,10.5167,-4.46165,-2.88531,-6.76558

PARAMS
LEARNING_RATE,0.8
MIN_INPUT,0
MIN_OUTPUT,0
MAX_INPUT,5000
MAX_OUTPUT,300
MOMENTUM,0.2
