LAYERS
2,1,0.8,0,1
10,1,0.8,0,1
2,0,0.8,0,1

WEIGHTS
1,0,-0.987481,0.723679,-1.56075
1,1,3.43295,0.167205,-2.43562
1,2,-2.10068,1.93126,-2.11047
1,3,-3.76203,2.20666,-2.0061
1,4,-2.84218,3.22238,-2.29604
1,5,6.62766,1.21175,-3.5404
1,6,5.10261,0.945007,-1.55161
1,7,6.52567,1.52609,-2.4331
1,8,2.03552,-0.0626469,-1.906
1,9,10.6513,7.7274,-0.977758
1,10,0.611377,0.830287,0.0881375
2,0,1.28732,1.33666,1.22101,1.99794,1.13266,2.20282,-0.9613,-0.782995,0.927556,-6.0859,3.66051
2,1,-1.10099,1.84986,-2.15198,-3.0866,-3.06234,4.27841,2.72889,4.15779,0.960516,4.40746,-5.2193

PARAMS
LEARNING_RATE,0.6
MIN_INPUT,0
MIN_OUTPUT,0
MAX_INPUT,5000
MAX_OUTPUT,300
MOMENTUM,0.4
