LAYERS
2,1,0.2,0,1
8,1,0.2,0,1
2,0,0.2,0,1

WEIGHTS
1,0,7.49555,0.964744,-1.03851
1,1,5.009,1.38966,-0.196571
1,2,6.99284,0.689432,-0.611745
1,3,5.08091,1.90435,-0.566502
1,4,-2.32357,0.880759,0.638228
1,5,-5.1873,0.506159,1.21973
1,6,2.73374,1.23301,0.047752
1,7,-1.53397,-0.261591,0.797525
1,8,0.343486,0.225257,0.017365
2,0,-1.59553,-1.6066,-1.42601,-2.03908,0.189922,0.436197,-1.04787,1.12205,1.409
2,1,6.54635,3.89934,5.97876,3.93894,-3.33154,-6.26502,1.63245,-2.40485,-4.90197

PARAMS
LEARNING_RATE,0.4
MIN_INPUT,0
MIN_OUTPUT,0
MAX_INPUT,5000
MAX_OUTPUT,300
MOMENTUM,0.2
