LAYERS
2,1,0.8,0,1
8,1,0.8,0,1
2,0,0.8,0,1

WEIGHTS
1,0,1.35658,-0.485035,-1.53459
1,1,-1.35711,-1.31455,0.130562
1,2,-1.00838,0.657233,-1.52819
1,3,7.37649,2.77113,-4.41914
1,4,2.887,0.0954235,-2.38939
1,5,6.79734,11.6446,-1.09134
1,6,12.0572,-2.94155,0.56031
1,7,1.36799,-1.16266,-1.10083
1,8,0.0390027,0.324961,0.624256
2,0,0.909946,2.15676,0.411718,1.06469,0.973306,-4.66323,-2.69635,1.43921,3.9138
2,1,-0.255788,-2.30856,-1.79477,4.77395,0.887177,5.04837,5.63593,-0.756852,-7.60879

PARAMS
LEARNING_RATE,0.8
MIN_INPUT,0
MIN_OUTPUT,0
MAX_INPUT,5000
MAX_OUTPUT,300
MOMENTUM,0.2
