LAYERS
2,1,0.8,0,1
8,1,0.8,0,1
2,0,0.8,0,1

WEIGHTS
1,0,10.7315,4.5314,-0.627047
1,1,-0.204668,-0.910646,-1.26999
1,2,6.21965,3.81192,-3.85865
1,3,0.997806,0.829764,-1.53792
1,4,3.37581,1.41093,-1.96353
1,5,-0.452611,-4.38843,0.147334
1,6,-6.51766,9.7762,-3.51581
1,7,-0.0941851,-3.15828,-0.199554
1,8,0.821619,0.674917,0.225379
2,0,-6.26036,0.832095,1.03597,0.68833,1.55282,1.77134,1.37466,1.45135,2.50116
2,1,4.27735,-0.79157,5.68265,1.06265,2.31827,-4.09521,-5.23983,-2.83672,-1.99428

PARAMS
LEARNING_RATE,0.2
MIN_INPUT,0
MIN_OUTPUT,0
MAX_INPUT,5000
MAX_OUTPUT,300
MOMENTUM,0.8
