LAYERS
2,1,0.6,0,1
8,1,0.6,0,1
2,0,0.6,0,1

WEIGHTS
1,0,-1.75363,0.653719,-2.45406
1,1,8.29187,18.0957,-1.46667
1,2,2.48784,-1.10479,-1.97032
1,3,1.09833,0.580054,-2.60803
1,4,16.6806,-4.0615,0.392434
1,5,7.627,2.3379,-4.90481
1,6,0.295364,-1.01038,-1.63193
1,7,-3.58733,-3.34097,3.22206
1,8,0.256417,0.975036,0.023072
2,0,0.0378808,-6.87885,1.93725,0.21295,-3.36686,3.11101,1.45649,2.78005,4.85293
2,1,-2.2033,7.65299,-0.872046,-0.156631,7.58456,3.44674,-1.5408,-5.322,-7.6708

PARAMS
LEARNING_RATE,0.8
MIN_INPUT,0
MIN_OUTPUT,0
MAX_INPUT,5000
MAX_OUTPUT,300
MOMENTUM,0.6
