LAYERS
2,1,0.2,0,1
6,1,0.2,0,1
2,0,0.2,0,1

WEIGHTS
1,0,2.05972,0.191049,-0.00854351
1,1,0.69565,0.974842,0.302386
1,2,0.816101,0.652859,0.589872
1,3,0.74258,1.04401,0.181469
1,4,0.34375,0.938656,0.463751
1,5,0.280725,0.324594,0.0556038
1,6,0.0302438,0.445387,0.682669
2,0,-0.135379,-0.61198,-0.316358,-0.369429,-0.406483,0.00834079,-0.760739
2,1,1.67281,0.39895,0.497221,0.495813,-0.133572,-0.0855353,-1.16869

PARAMS
LEARNING_RATE,0.2
MIN_INPUT,0
MIN_OUTPUT,0
MAX_INPUT,5000
MAX_OUTPUT,300
MOMENTUM,0.2
