LAYERS
2,1,0.6,0,1
10,1,0.6,0,1
2,0,0.6,0,1

WEIGHTS
1,0,5.2156,-0.316096,-1.77105
1,1,2.3961,3.05205,0.344752
1,2,2.92032,0.141639,-0.789172
1,3,1.28337,-0.0507198,0.0249357
1,4,1.00762,2.3925,0.20776
1,5,-4.43596,0.0617336,0.322882
1,6,0.0990791,0.309103,0.404564
1,7,-3.5135,0.258575,0.27996
1,8,-1.99135,0.82121,0.490799
1,9,11.1613,1.17504,-0.522159
1,10,0.695578,0.379864,0.836726
2,0,1.55569,-1.15867,0.99859,1.2511,-1.02903,0.657044,0.782198,0.403643,-0.693371,-4.44536,1.85454
2,1,4.60089,1.60462,2.16442,0.315373,0.421623,-4.83131,-0.866195,-4.07322,-2.60043,7.83375,-3.00682

PARAMS
LEARNING_RATE,0.2
MIN_INPUT,0
MIN_OUTPUT,0
MAX_INPUT,5000
MAX_OUTPUT,300
MOMENTUM,0.4
