LAYERS
2,1,0.4,0,1
10,1,0.4,0,1
2,0,0.4,0,1

WEIGHTS
1,0,10.3884,0.281713,-1.29215
1,1,0.950128,2.60109,-0.0267283
1,2,12.4239,1.20278,-0.602625
1,3,2.43903,0.779991,-0.606823
1,4,-10.3867,0.115041,0.273931
1,5,5.35842,2.4752,-0.262828
1,6,-2.39804,2.35487,0.259248
1,7,0.648534,-0.0226157,0.233653
1,8,0.281252,-1.30875,0.709065
1,9,2.38841,2.27431,-0.162811
1,10,0.96292,0.21952,0.435591
2,0,-0.799758,-1.64845,-2.93451,0.310589,2.01981,-1.19207,-2.46171,0.812576,2.04323,-1.04625,2.74655
2,1,8.42159,-0.205289,9.45753,1.08977,-10.4688,3.52726,-3.23598,-0.937241,-1.6666,0.98122,-5.79867

PARAMS
LEARNING_RATE,0.4
MIN_INPUT,0
MIN_OUTPUT,0
MAX_INPUT,5000
MAX_OUTPUT,300
MOMENTUM,0.4
