LAYERS
2,1,0.8,0,1
8,1,0.8,0,1
2,0,0.8,0,1

WEIGHTS
1,0,10.2464,3.57767,-5.24743
1,1,12.9597,11.112,-1.67785
1,2,5.9047,7.04904,-5.14899
1,3,2.74909,-5.95448,-0.92867
1,4,-3.85009,0.559364,-2.9813
1,5,-2.55523,1.56206,-4.16483
1,6,-9.90468,9.13035,-2.7471
1,7,5.39248,2.38488,-5.28606
1,8,0.267251,0.0123905,0.875668
2,0,3.34877,-6.26873,-2.76326,-0.641325,2.20852,0.874655,1.67069,0.170008,4.85072
2,1,3.51111,5.48793,3.45842,-4.74993,-0.984412,-1.26182,-5.05875,3.2603,-3.68958

PARAMS
LEARNING_RATE,0.6
MIN_INPUT,0
MIN_OUTPUT,0
MAX_INPUT,5000
MAX_OUTPUT,300
MOMENTUM,0.8
