LAYERS
2,1,0.2,0,1
8,1,0.2,0,1
2,0,0.2,0,1

WEIGHTS
1,0,3.43498,0.789425,0.512872
1,1,-1.02455,0.995107,0.877963
1,2,0.27096,0.979974,0.199715
1,3,2.93977,1.42158,0.0252618
1,4,-1.78515,0.466075,0.211263
1,5,2.55161,0.319693,0.200914
1,6,2.25748,0.870705,0.578817
1,7,-0.127852,1.13524,0.902065
1,8,0.789148,0.562761,0.667684
2,0,-0.511627,-0.328558,-0.214907,-1.22458,0.10312,-0.34454,-0.952049,-0.594667,0.481749
2,1,2.91223,-1.64814,-0.148207,2.32924,-2.30645,1.98065,1.59641,-0.787232,-1.89403

PARAMS
LEARNING_RATE,0.2
MIN_INPUT,0
MIN_OUTPUT,0
MAX_INPUT,5000
MAX_OUTPUT,300
MOMENTUM,0.4
