LAYERS
2,1,0.8,0,1
8,1,0.8,0,1
2,0,0.8,0,1

WEIGHTS
1,0,5.44814,3.77335,-3.94203
1,1,4.11086,3.33562,-3.21107
1,2,-3.35162,0.0206358,-2.81633
1,3,-7.26528,9.9859,-3.61008
1,4,0.206318,-4.67999,-0.0160822
1,5,11.6654,5.78348,-0.840303
1,6,2.60691,0.61032,-2.29837
1,7,3.53874,1.11716,-2.66945
1,8,0.930326,0.999939,0.924833
2,0,0.155761,-0.179769,1.05381,1.12649,1.12589,-6.23449,1.37239,1.63866,3.75676
2,1,4.88658,3.86703,-2.13128,-4.95632,-4.32249,4.04538,1.17513,1.86851,-3.06663

PARAMS
LEARNING_RATE,0.8
MIN_INPUT,0
MIN_OUTPUT,0
MAX_INPUT,5000
MAX_OUTPUT,300
MOMENTUM,0.4
