LAYERS
2,1,0.6,0,1
10,1,0.6,0,1
2,0,0.6,0,1

WEIGHTS
1,0,1.59028,-1.70428,-0.483137
1,1,4.57449,8.11247,-0.403497
1,2,-12.9951,4.3572,-1.59395
1,3,4.72617,7.5456,-0.389215
1,4,5.16856,1.07845,-2.33443
1,5,3.64848,1.80938,-1.29257
1,6,-1.21487,0.0987056,-0.696343
1,7,5.52233,0.598409,-2.63428
1,8,-0.564246,-2.09507,-0.414551
1,9,2.25097,0.429532,-1.3812
1,10,0.153447,0.60509,0.962432
2,0,1.97316,-3.77405,5.63887,-3.61967,0.392703,-0.270419,-0.326666,3.84715,1.36084,0.859556,1.67017
2,1,-0.905258,4.09114,-9.41087,3.79773,3.22189,2.03365,-1.86514,2.23215,-2.41612,0.865499,-4.89338

PARAMS
LEARNING_RATE,0.2
MIN_INPUT,0
MIN_OUTPUT,0
MAX_INPUT,5000
MAX_OUTPUT,300
MOMENTUM,0.8
