LAYERS
2,1,0.8,0,1
10,1,0.8,0,1
2,0,0.8,0,1

WEIGHTS
1,0,-0.47084,1.20648,-0.737408
1,1,3.08491,0.401965,-1.9288
1,2,-1.10004,1.49991,-1.17046
1,3,-2.03107,0.980897,-0.816697
1,4,-1.43614,1.89768,-1.4696
1,5,5.79545,1.12185,-2.93177
1,6,4.51408,0.300409,-1.23823
1,7,6.53948,-0.401347,-0.330943
1,8,2.02266,0.397628,-1.47543
1,9,10.1602,6.95573,-1.11709
1,10,0.611377,0.830287,0.0881375
2,0,1.53306,1.38354,1.37013,1.48094,1.43771,1.90969,-0.342806,-1.15727,1.12589,-6.05644,2.44318
2,1,-1.38314,1.73839,-1.84059,-2.63124,-2.10994,4.16492,2.49948,4.03125,0.894054,4.56369,-5.76503

PARAMS
LEARNING_RATE,0.4
MIN_INPUT,0
MIN_OUTPUT,0
MAX_INPUT,5000
MAX_OUTPUT,300
MOMENTUM,0.4
