LAYERS
2,1,0.8,0,1
8,1,0.8,0,1
2,0,0.8,0,1

WEIGHTS
1,0,4.16042,0.385328,-1.26038
1,1,3.37364,1.00997,-0.776936
1,2,-2.43445,0.472782,-0.0712273
1,3,-3.71548,2.74185,-1.58219
1,4,-1.97228,0.751028,-0.260537
1,5,10.5561,4.21076,-0.855236
1,6,2.40475,0.610882,-1.13721
1,7,2.93719,0.874249,-1.39576
1,8,0.930326,0.999939,0.924833
2,0,0.307493,0.368032,-0.030229,1.37586,0.938012,-5.58693,1.53261,1.99708,1.68932
2,1,2.7317,1.93712,-2.95902,-4.25044,-2.46502,5.47344,1.34805,1.68786,-3.72439

PARAMS
LEARNING_RATE,0.2
MIN_INPUT,0
MIN_OUTPUT,0
MAX_INPUT,5000
MAX_OUTPUT,300
MOMENTUM,0.6
