LAYERS
2,1,0.6,0,1
10,1,0.6,0,1
2,0,0.6,0,1

WEIGHTS
1,0,6.54129,0.688731,-2.71879
1,1,9.67548,4.82434,-0.116104
1,2,-1.95842,1.20472,-0.156029
1,3,11.0561,2.35019,-0.192042
1,4,2.94793,0.327972,-1.19453
1,5,-1.14349,1.50534,-0.679018
1,6,2.48416,0.654319,-1.32032
1,7,-2.6245,1.11368,0.17528
1,8,4.53276,0.433042,-2.04556
1,9,-3.61414,1.52341,-0.399427
1,10,0.603992,0.734825,0.411573
2,0,2.46132,-4.55885,0.92466,-5.17443,1.13144,0.794856,1.71863,1.45714,1.52118,1.14772,2.81244
2,1,5.17602,5.01437,-3.09824,5.15608,1.67579,-2.26929,1.2557,-3.83091,3.23275,-4.53136,-4.83923

PARAMS
LEARNING_RATE,0.6
MIN_INPUT,0
MIN_OUTPUT,0
MAX_INPUT,5000
MAX_OUTPUT,300
MOMENTUM,0.2
