LAYERS
2,1,0.2,0,1
8,1,0.2,0,1
2,0,0.2,0,1

WEIGHTS
1,0,2.07126,1.11633,0.637931
1,1,1.16464,0.0910319,0.551427
1,2,1.77031,0.249805,0.170463
1,3,-0.943382,1.14511,0.353916
1,4,1.06774,0.854532,0.742029
1,5,1.53227,0.572537,0.172877
1,6,0.83598,1.04076,0.0278924
1,7,1.0015,1.25585,0.416454
1,8,0.897855,0.887783,0.367107
2,0,-0.48798,0.206043,-0.240836,-0.675176,-0.800682,-0.288822,-0.531709,-0.834908,0.235164
2,1,1.51765,0.501361,1.15626,-1.53807,0.29987,0.974635,0.253807,0.360932,-1.58796

PARAMS
LEARNING_RATE,0.2
MIN_INPUT,0
MIN_OUTPUT,0
MAX_INPUT,5000
MAX_OUTPUT,300
MOMENTUM,0.2
