LAYERS
2,1,0.2,0,1
10,1,0.2,0,1
2,0,0.2,0,1

WEIGHTS
1,0,6.7815,0.632823,-0.440807
1,1,4.43936,1.08032,0.0738779
1,2,-4.65171,1.24648,1.0868
1,3,4.93057,0.895905,-0.402855
1,4,2.8251,-0.0420288,0.133421
1,5,-0.04865,0.21433,0.915687
1,6,-1.35814,1.13272,0.336926
1,7,1.99829,1.98717,0.586577
1,8,6.49724,1.47833,-0.975491
1,9,-3.64228,0.202613,0.544861
1,10,0.321818,0.704245,0.459609
2,0,-0.861595,-1.25241,-0.17875,-0.741852,0.268018,0.200008,-0.269975,-1.55924,-1.62525,0.748279,1.11458
2,1,6.01539,3.47529,-5.59468,4.1331,2.02952,-0.939185,-2.24267,0.99324,5.69274,-4.46561,-4.52207

PARAMS
LEARNING_RATE,0.2
MIN_INPUT,0
MIN_OUTPUT,0
MAX_INPUT,5000
MAX_OUTPUT,300
MOMENTUM,0.6
