LAYERS
2,1,0.2,0,1
10,1,0.2,0,1
2,0,0.2,0,1

WEIGHTS
1,0,17.4626,0.823388,-2.32761
1,1,10.5458,2.48001,-1.56938
1,2,-15.22,2.19399,1.40096
1,3,12.1208,1.29165,-1.91177
1,4,6.07415,-1.85458,-0.589286
1,5,-2.08529,-0.616988,1.16224
1,6,-5.78228,2.12317,0.64537
1,7,3.42257,5.11307,-0.462705
1,8,17.1341,4.04441,-2.46168
1,9,-12.3733,-0.961794,1.58615
1,10,0.321818,0.704245,0.459609
2,0,-2.04257,-2.61902,0.0942501,-1.51355,2.36344,1.73724,-0.799337,-4.32719,-5.08327,3.05284,3.73536
2,1,15.7625,8.73687,-16.7711,10.5327,4.78407,-3.64772,-7.38755,1.55834,14.7959,-13.5137,-7.8593

PARAMS
LEARNING_RATE,0.8
MIN_INPUT,0
MIN_OUTPUT,0
MAX_INPUT,5000
MAX_OUTPUT,300
MOMENTUM,0.4
