LAYERS
2,1,0.8,0,1
8,1,0.8,0,1
2,0,0.8,0,1

WEIGHTS
1,0,8.09557,3.87784,-5.40863
1,1,3.95623,3.31088,-3.39344
1,2,-0.230347,-2.39917,-0.5882
1,3,11.2871,7.20529,-1.05735
1,4,1.67387,2.22877,-2.39452
1,5,-9.27294,8.93888,-3.10831
1,6,0.228865,-0.0360039,-2.23312
1,7,-2.51707,-0.0364313,-2.88671
1,8,0.375958,0.337413,0.575091
2,0,1.57774,-0.439759,1.16893,-5.49583,-0.710658,1.20471,0.395156,1.06325,3.77684
2,1,6.52439,3.56113,-2.55487,5.41038,1.77086,-4.46761,-0.140406,-1.47588,-4.33299

PARAMS
LEARNING_RATE,0.6
MIN_INPUT,0
MIN_OUTPUT,0
MAX_INPUT,5000
MAX_OUTPUT,300
MOMENTUM,0.6
