LAYERS
2,1,0.4,0,1
8,1,0.4,0,1
2,0,0.4,0,1

WEIGHTS
1,0,3.16553,-0.666401,-0.361226
1,1,-4.28198,-0.805952,0.97945
1,2,10.1194,-0.344386,-1.17539
1,3,3.78537,4.174,-0.604089
1,4,7.35428,0.922759,-1.02276
1,5,8.04782,0.506793,-1.06241
1,6,-6.36366,-0.151694,0.929371
1,7,-6.07549,0.314353,0.867348
1,8,0.35432,0.262642,0.869961
2,0,0.924672,1.52003,-0.615333,-3.81619,-1.30807,-1.04774,1.00348,0.547751,1.08309
2,1,2.37728,-5.07627,9.23038,2.48375,6.30352,7.02779,-7.11105,-6.90841,-4.13083

PARAMS
LEARNING_RATE,0.2
MIN_INPUT,0
MIN_OUTPUT,0
MAX_INPUT,5000
MAX_OUTPUT,300
MOMENTUM,0.4
