LAYERS
2,1,0.8,0,1
10,1,0.8,0,1
2,0,0.8,0,1

WEIGHTS
1,0,9.59595,0.04209,-0.446546
1,1,2.91011,4.53951,-0.0312326
1,2,-0.200271,1.27316,-0.725115
1,3,-1.32568,0.447593,0.199084
1,4,5.04479,0.0266875,-2.12682
1,5,1.2455,0.522782,-0.318657
1,6,1.70307,0.0641517,-0.412837
1,7,2.11211,0.854672,-0.770788
1,8,1.16207,2.56276,0.200759
1,9,-2.62188,0.538927,0.0909568
1,10,0.519791,0.185247,0.663015
2,0,-3.88653,-1.88573,-0.246567,0.201757,2.29418,0.753414,0.893709,0.513511,-0.938418,0.427004,2.52316
2,1,5.69566,2.50465,-0.985176,-2.25515,3.90743,0.0755585,0.537692,1.03347,0.52409,-3.34291,-4.38764

PARAMS
LEARNING_RATE,0.2
MIN_INPUT,0
MIN_OUTPUT,0
MAX_INPUT,5000
MAX_OUTPUT,300
MOMENTUM,0.4
