LAYERS
2,1,0.4,0,1
10,1,0.4,0,1
2,0,0.4,0,1

WEIGHTS
1,0,5.56232,-1.49771,-0.548243
1,1,-7.51718,-0.258372,1.09196
1,2,4.36148,1.61733,-0.80112
1,3,-0.651195,1.60923,0.361638
1,4,7.0266,-0.129299,-1.03493
1,5,-0.201615,0.879394,0.859854
1,6,11.6892,2.19678,-1.91079
1,7,3.04934,0.726809,-0.624601
1,8,-1.85764,0.98775,0.649348
1,9,0.406187,0.487004,0.376342
1,10,0.779748,0.929472,0.585314
2,0,1.42584,1.71165,-1.65939,-0.992826,-0.16614,-0.360013,-3.48294,-0.603271,-0.326131,-0.0731372,1.7826
2,1,4.83983,-8.35103,3.22699,-1.81488,6.16801,-1.44985,10.3028,2.07446,-3.0074,-0.705332,-4.942

PARAMS
LEARNING_RATE,0.2
MIN_INPUT,0
MIN_OUTPUT,0
MAX_INPUT,5000
MAX_OUTPUT,300
MOMENTUM,0.2
