LAYERS
2,1,0.4,0,1
8,1,0.4,0,1
2,0,0.4,0,1

WEIGHTS
1,0,8.98362,0.98136,-1.12972
1,1,1.38722,1.35757,-0.169595
1,2,2.83184,0.288911,-0.655562
1,3,-13.0557,3.78501,-1.75383
1,4,8.94923,0.713216,-3.74186
1,5,1.14788,0.947223,-0.285056
1,6,-3.29973,0.310164,0.974666
1,7,14.3724,10.1754,-1.30223
1,8,0.799982,0.600146,0.520249
2,0,-0.893998,0.811317,1.95824,4.58575,2.53695,1.00576,-1.16538,-7.84374,2.7328
2,1,6.26347,-0.33558,0.816716,-12.1482,7.53006,-0.639864,-4.71125,9.48009,-6.48013

PARAMS
LEARNING_RATE,0.6
MIN_INPUT,0
MIN_OUTPUT,0
MAX_INPUT,5000
MAX_OUTPUT,300
MOMENTUM,0.4
