LAYERS
2,1,0.8,0,1
10,1,0.8,0,1
2,0,0.8,0,1

WEIGHTS
1,0,0.763196,-0.21358,-2.19339
1,1,0.296775,-0.971136,-1.70407
1,2,5.07841,2.25557,-4.02157
1,3,-0.242222,-0.869277,-1.53219
1,4,1.68599,15.3499,-0.898324
1,5,-1.73319,0.650215,-1.81671
1,6,-2.00032,0.914657,-1.7995
1,7,1.84853,-1.76812,-1.29725
1,8,0.297617,-0.164061,-2.08676
1,9,14.8797,-1.41987,-1.13653
1,10,0.794549,0.120365,0.938444
2,0,0.589389,1.12478,1.54326,1.08621,-4.06111,0.248158,0.071722,1.71928,0.578407,-2.31706,3.51729
2,1,-0.321054,-0.834263,2.72394,-1.11346,5.63178,-2.11132,-2.27706,-0.909873,-0.630833,5.26448,-6.897

PARAMS
LEARNING_RATE,0.6
MIN_INPUT,0
MIN_OUTPUT,0
MAX_INPUT,5000
MAX_OUTPUT,300
MOMENTUM,0.6
