LAYERS
2,1,0.2,0,1
8,1,0.2,0,1
2,0,0.2,0,1

WEIGHTS
1,0,-3.91689,3.67207,0.126091
1,1,0.620614,-3.33805,0.665855
1,2,-7.10348,4.90864,0.248154
1,3,21.114,2.88218,-2.33606
1,4,-8.15983,-1.20527,2.07857
1,5,16.347,3.11724,-2.16168
1,6,26.8655,1.70455,-2.64366
1,7,0.200295,2.60064,0.187214
1,8,0.571734,0.912717,0.268807
2,0,-2.37676,4.9546,-4.08293,-3.99089,2.77029,-2.84732,-5.26001,-0.938438,5.41144
2,1,-6.4315,-2.30416,-9.56684,17.0099,-10.8452,12.7725,22.2587,-2.51633,-11.6758

PARAMS
LEARNING_RATE,0.8
MIN_INPUT,0
MIN_OUTPUT,0
MAX_INPUT,5000
MAX_OUTPUT,300
MOMENTUM,0.6
