LAYERS
2,1,0.4,0,1
8,1,0.4,0,1
2,0,0.4,0,1

WEIGHTS
1,0,1.31552,0.355644,-0.0645124
1,1,8.81811,2.06429,-1.75968
1,2,6.24826,0.268817,-1.21633
1,3,-2.85343,1.13873,0.771063
1,4,6.97225,1.15553,-1.46358
1,5,9.79811,0.434426,-1.58869
1,6,0.301001,0.682833,0.960901
1,7,-3.72324,1.01899,0.765799
1,8,0.463027,0.587695,0.569384
2,0,0.162047,-2.82502,-0.5446,-0.11508,-1.54816,-1.18669,0.0783501,0.0387334,2.04301
2,1,0.0439073,7.313,5.09553,-4.29898,5.70673,8.60849,-1.27465,-5.11255,-6.62605

PARAMS
LEARNING_RATE,0.2
MIN_INPUT,0
MIN_OUTPUT,0
MAX_INPUT,5000
MAX_OUTPUT,300
MOMENTUM,0.2
