LAYERS
2,1,0.4,0,1
10,1,0.4,0,1
2,0,0.4,0,1

WEIGHTS
1,0,6.93631,0.465203,-3.45228
1,1,16.0569,-5.4543,2.26989
1,2,-10.6758,-1.48161,-0.578656
1,3,6.5779,0.522265,-2.62029
1,4,-6.45994,-0.95151,-0.256284
1,5,3.53037,-0.0923868,-1.40549
1,6,-0.600091,0.34768,0.324728
1,7,8.34018,13.8439,-1.56394
1,8,4.48839,-0.549059,-1.90792
1,9,-4.09229,0.742671,0.815177
1,10,0.237648,0.154637,0.71102
2,0,3.00433,-6.26525,5.24187,1.9276,2.13294,3.13069,0.936747,-6.47274,3.91601,-1.38612,2.89951
2,1,4.47263,9.1934,-7.99962,4.01271,-6.50915,0.775132,-2.7393,7.29423,1.28137,-5.43157,-6.70354

PARAMS
LEARNING_RATE,0.6
MIN_INPUT,0
MIN_OUTPUT,0
MAX_INPUT,5000
MAX_OUTPUT,300
MOMENTUM,0.6
