LAYERS
2,1,0.6,0,1
8,1,0.6,0,1
2,0,0.6,0,1

WEIGHTS
1,0,14.8276,5.38569,-1.25056
1,1,0.530875,0.834773,-0.519668
1,2,-3.14034,2.16221,-1.27504
1,3,-1.4422,2.01046,-1.24804
1,4,7.46561,1.12205,-2.52423
1,5,0.102952,1.94213,-1.17741
1,6,-3.22829,2.49874,-1.4972
1,7,3.69489,0.491008,-1.75985
1,8,0.365123,0.300027,0.722526
2,0,-7.27068,1.26867,0.672695,1.33009,2.41717,0.90001,0.902048,0.797858,2.13552
2,1,8.70773,-0.612916,-3.9766,-2.46138,5.56958,-1.15693,-4.11166,2.37981,-4.83043

PARAMS
LEARNING_RATE,0.6
MIN_INPUT,0
MIN_OUTPUT,0
MAX_INPUT,5000
MAX_OUTPUT,300
MOMENTUM,0.4
