LAYERS
2,1,0.2,0,1
8,1,0.2,0,1
2,0,0.2,0,1

WEIGHTS
1,0,4.66012,3.39702,-0.783904
1,1,8.18686,3.99485,-1.54351
1,2,-7.68728,0.578129,1.28667
1,3,-3.27152,2.01748,0.32783
1,4,-12.5767,4.53649,0.522059
1,5,-8.40234,-1.2006,1.16392
1,6,26.6752,2.53928,-3.14761
1,7,17.004,2.9678,-2.33758
1,8,0.126072,0.575213,0.618549
2,0,-2.17671,-3.02488,1.16527,-0.495014,-2.54219,3.06211,-5.35821,-3.39538,5.47894
2,1,3.02331,6.42787,-9.16061,-4.78553,-14.2783,-9.62994,23.9859,14.8535,-6.497

PARAMS
LEARNING_RATE,0.6
MIN_INPUT,0
MIN_OUTPUT,0
MAX_INPUT,5000
MAX_OUTPUT,300
MOMENTUM,0.6
