LAYERS
2,1,0.8,0,1
8,1,0.8,0,1
2,0,0.8,0,1

WEIGHTS
1,0,6.30738,1.55809,-3.46019
1,1,-4.51456,-0.996797,-0.0231685
1,2,-1.27989,0.384479,-0.97546
1,3,-1.14385,0.575047,-1.12937
1,4,1.50926,-0.724513,-1.43442
1,5,-1.3794,-0.342262,-0.130095
1,6,11.7255,-2.0448,0.173567
1,7,3.96031,13.707,-0.971597
1,8,0.484664,0.662465,0.274514
2,0,2.64648,3.05947,0.335229,0.118078,1.36539,0.928798,-2.29572,-4.537,3.13963
2,1,2.41399,-3.51915,-2.19376,-2.01729,-0.572672,-2.59746,5.08337,5.14774,-4.93558

PARAMS
LEARNING_RATE,0.6
MIN_INPUT,0
MIN_OUTPUT,0
MAX_INPUT,5000
MAX_OUTPUT,300
MOMENTUM,0.4
