LAYERS
2,1,0.4,0,1
8,1,0.4,0,1
2,0,0.4,0,1

WEIGHTS
1,0,5.78317,1.31744,-1.05379
1,1,1.83043,2.85566,-0.435293
1,2,2.45202,-1.67136,-0.240337
1,3,7.76561,3.70402,-0.337566
1,4,13.622,-0.321798,-1.16602
1,5,-3.91365,-0.0500438,0.846001
1,6,-8.09557,-0.112481,0.976241
1,7,5.14102,-0.530684,-1.43794
1,8,0.245613,0.937651,0.170507
2,0,-0.791066,-1.93268,2.37958,-3.19361,-2.13398,0.653265,1.33724,1.30625,1.45855
2,1,4.17678,0.390783,0.909763,5.24719,11.5078,-5.33326,-9.11641,3.92804,-6.62255

PARAMS
LEARNING_RATE,0.2
MIN_INPUT,0
MIN_OUTPUT,0
MAX_INPUT,5000
MAX_OUTPUT,300
MOMENTUM,0.6
