LAYERS
2,1,0.6,0,1
10,1,0.6,0,1
2,0,0.6,0,1

WEIGHTS
1,0,9.6891,5.19587,-5.40969
1,1,0.0136477,-1.60054,-1.49418
1,2,15.2998,3.96029,-0.834103
1,3,-1.13156,14.9602,-0.882389
1,4,-1.83889,0.182298,-2.02152
1,5,-4.07637,10.515,-3.12051
1,6,-2.38738,-1.55706,-0.493283
1,7,-1.49075,-0.770517,-1.47711
1,8,11.737,-2.05693,-0.630059
1,9,3.26562,1.3506,-3.15935
1,10,0.061861,0.960051,0.537278
2,0,2.40158,1.23647,-7.60253,-3.21798,1.27284,1.7758,1.63066,1.30053,0.804797,1.19485,5.01772
2,1,6.68,-1.82848,1.38748,8.39457,-2.22148,-5.44293,-3.34191,-2.2602,5.16307,1.63722,-7.63545

PARAMS
LEARNING_RATE,0.8
MIN_INPUT,0
MIN_OUTPUT,0
MAX_INPUT,5000
MAX_OUTPUT,300
MOMENTUM,0.6
