LAYERS
2,1,0.4,0,1
10,1,0.4,0,1
2,0,0.4,0,1

WEIGHTS
1,0,4.75492,0.156855,-2.32047
1,1,2.08616,0.951715,-0.742835
1,2,12.4245,7.84747,-1.01734
1,3,-15.5096,5.70833,-2.68359
1,4,7.27496,0.548707,-2.76666
1,5,-4.90966,-0.0690858,1.48528
1,6,7.12471,0.51969,-3.80526
1,7,5.08422,7.13678,0.198423
1,8,0.354208,-1.7531,-0.219961
1,9,4.21974,6.21212,0.31425
1,10,0.0544755,0.864589,0.860744
2,0,2.62634,0.931168,-6.62128,7.08763,1.61312,-1.10093,3.66085,-2.93201,2.07975,-2.1246,3.29633
2,1,2.69183,0.34386,7.19593,-12.4892,5.29521,-6.39416,4.98725,3.7704,-2.17587,3.1477,-6.922

PARAMS
LEARNING_RATE,0.8
MIN_INPUT,0
MIN_OUTPUT,0
MAX_INPUT,5000
MAX_OUTPUT,300
MOMENTUM,0.4
