LAYERS
2,1,0.6,0,1
8,1,0.6,0,1
2,0,0.6,0,1

WEIGHTS
1,0,12.6793,6.43073,-1.04056
1,1,0.868623,2.76039,-0.27016
1,2,-2.11069,0.515849,0.202779
1,3,0.0864782,1.39968,-0.327832
1,4,8.6377,-1.11105,-0.39189
1,5,5.18117,1.47564,-2.89372
1,6,-1.62747,0.983827,-0.347864
1,7,-4.65314,1.10829,-0.202817
1,8,0.919523,0.962554,0.0722373
2,0,-6.95589,1.25208,0.68458,1.50894,-1.03635,3.33086,0.383185,0.637025,2.50682
2,1,6.74183,0.379767,-3.20597,-1.28302,6.50162,3.57396,-2.50327,-5.2022,-4.35003

PARAMS
LEARNING_RATE,0.4
MIN_INPUT,0
MIN_OUTPUT,0
MAX_INPUT,5000
MAX_OUTPUT,300
MOMENTUM,0.4
