LAYERS
2,1,0.8,0,1
8,1,0.8,0,1
2,0,0.8,0,1

WEIGHTS
1,0,6.99245,3.30881,-4.2822
1,1,3.86503,1.83005,-2.6515
1,2,-1.126,-1.09837,-0.828306
1,3,10.2926,6.66462,-0.965766
1,4,1.83527,1.16679,-1.74993
1,5,-8.00772,5.64248,-2.42602
1,6,0.178114,0.25244,-1.57742
1,7,-2.15969,-0.134488,-1.87652
1,8,0.375958,0.337413,0.575091
2,0,1.2646,0.500685,1.46671,-5.95632,0.0431773,1.54027,0.570525,0.956747,3.39999
2,1,5.8548,2.98819,-1.5533,4.72381,1.23653,-5.40198,-0.0639881,-1.82694,-3.90541

PARAMS
LEARNING_RATE,0.4
MIN_INPUT,0
MIN_OUTPUT,0
MAX_INPUT,5000
MAX_OUTPUT,300
MOMENTUM,0.6
