LAYERS
2,1,0.2,0,1
10,1,0.2,0,1
2,0,0.2,0,1

WEIGHTS
1,0,11.2422,-1.80744,-2.41925
1,1,14.9466,3.73554,-1.54561
1,2,6.10268,3.93708,-0.693914
1,3,2.40114,4.33023,-0.624455
1,4,6.09503,-2.24944,-0.843461
1,5,-21.1722,2.2183,1.40783
1,6,15.0737,0.835936,-2.14296
1,7,18.2097,4.42185,-1.40926
1,8,-6.7651,-0.062378,1.35451
1,9,-4.51588,-2.69126,1.01619
1,10,0.50499,0.994324,0.309885
2,0,2.38906,-4.02456,-3.02868,-3.39519,3.00335,1.8962,-1.5419,-5.57658,0.924367,3.40677,3.21277
2,1,9.46603,11.6212,3.58345,0.23873,4.0219,-22.6906,12.5291,14.175,-8.93984,-6.61056,-10.6784

PARAMS
LEARNING_RATE,0.8
MIN_INPUT,0
MIN_OUTPUT,0
MAX_INPUT,5000
MAX_OUTPUT,300
MOMENTUM,0.6
