LAYERS
2,1,0.4,0,1
8,1,0.4,0,1
2,0,0.4,0,1

WEIGHTS
1,0,3.33778,-0.797674,-0.814782
1,1,-4.42046,-0.889013,0.665757
1,2,10.765,-0.562698,-0.922627
1,3,4.69194,6.69034,0.412719
1,4,7.88185,0.970357,-0.751587
1,5,8.59483,0.407119,-0.920585
1,6,-6.7144,-0.109321,0.667967
1,7,-6.24259,0.383794,0.851583
1,8,0.35432,0.262642,0.869961
2,0,1.91338,1.44142,-1.21345,-4.08688,-1.16732,-1.01759,1.198,0.510626,1.87943
2,1,2.10317,-5.34361,8.94453,3.02785,5.95166,6.73769,-7.37944,-7.20601,-4.77099

PARAMS
LEARNING_RATE,0.4
MIN_INPUT,0
MIN_OUTPUT,0
MAX_INPUT,5000
MAX_OUTPUT,300
MOMENTUM,0.4
