LAYERS
2,1,0.2,0,1
10,1,0.2,0,1
2,0,0.2,0,1

WEIGHTS
1,0,5.57162,1.01672,-0.531125
1,1,3.24932,1.60566,0.136176
1,2,-11.4494,-0.994134,1.92635
1,3,6.94475,0.790923,-0.837101
1,4,1.71862,1.46415,0.522389
1,5,-1.71322,0.659035,0.537476
1,6,3.48889,0.50614,0.347372
1,7,11.8457,1.64591,-1.99205
1,8,-6.27513,0.599425,0.969106
1,9,8.79235,0.513849,-1.06003
1,10,0.230232,0.0591754,0.0344554
2,0,-1.36711,-1.34592,3.02683,-1.09204,-1.09243,0.017238,-0.4417,-3.00543,0.645477,-1.3015,1.42285
2,1,4.41939,2.01633,-12.4399,5.9151,0.463684,-2.83131,2.3677,10.8101,-7.35141,7.77615,-5.59341

PARAMS
LEARNING_RATE,0.4
MIN_INPUT,0
MIN_OUTPUT,0
MAX_INPUT,5000
MAX_OUTPUT,300
MOMENTUM,0.4
