LAYERS
2,1,0.6,0,1
8,1,0.6,0,1
2,0,0.6,0,1

WEIGHTS
1,0,-1.56008,-2.98255,-0.354798
1,1,-11.0945,9.90818,-3.72206
1,2,9.93487,5.68324,-6.48968
1,3,1.51482,1.84204,-2.39122
1,4,3.04248,2.09879,-2.94864
1,5,3.43773,0.345705,-3.00574
1,6,1.54006,0.041587,-2.333
1,7,14.4524,8.93914,-1.35694
1,8,0.702078,0.31251,0.673391
2,0,1.82337,1.85713,0.790486,0.135997,0.379808,1.98751,1.12366,-7.74767,4.25715
2,1,-3.44234,-6.60776,8.7745,1.61288,2.46086,1.09729,0.305367,6.78853,-5.46993

PARAMS
LEARNING_RATE,0.4
MIN_INPUT,0
MIN_OUTPUT,0
MAX_INPUT,5000
MAX_OUTPUT,300
MOMENTUM,0.8
