LAYERS
2,1,0.8,0,1
10,1,0.8,0,1
2,0,0.8,0,1

WEIGHTS
1,0,-0.0152737,-0.475988,-1.25138
1,1,-8.99829,4.35468,-1.97067
1,2,10.2603,7.86764,-0.835136
1,3,4.49266,1.38676,-3.06127
1,4,0.118443,-0.681538,-1.12497
1,5,1.19177,-0.195214,-1.38793
1,6,-0.397299,-1.85513,-0.73156
1,7,-2.45223,-0.666035,-1.25506
1,8,6.53097,2.66709,-3.4568
1,9,2.09559,0.308601,-1.87781
1,10,0.886135,0.765435,0.363567
2,0,1.13271,2.52643,-6.09178,1.7768,1.10138,0.998831,0.994223,0.95972,-0.194691,1.06874,2.7358
2,1,-0.545907,-5.96859,4.63633,2.8783,-0.61426,0.214366,-1.84736,-2.21365,4.64416,1.0291,-3.29044

PARAMS
LEARNING_RATE,0.2
MIN_INPUT,0
MIN_OUTPUT,0
MAX_INPUT,5000
MAX_OUTPUT,300
MOMENTUM,0.8
