LAYERS
2,1,0.2,0,1
10,1,0.2,0,1
2,0,0.2,0,1

WEIGHTS
1,0,8.11828,1.39557,-1.21577
1,1,-11.9649,-1.97654,2.04651
1,2,-7.30768,2.01096,0.877772
1,3,-7.07642,2.32822,0.784524
1,4,-7.19306,1.2248,0.855173
1,5,5.85577,2.60175,-0.831604
1,6,6.94628,-0.274185,-0.715308
1,7,14.1576,2.22951,-2.36611
1,8,14.6732,1.13768,-2.16677
1,9,14.6019,1.94179,-2.32269
1,10,0.413404,0.349284,0.884762
2,0,-1.44638,4.17128,-0.456822,-0.869182,0.34279,-2.35646,0.42086,-3.23114,-2.32181,-2.99951,2.90573
2,1,6.66422,-13.0041,-8.8386,-8.65175,-8.62948,4.24329,5.67602,12.5635,13.1864,13.0497,-7.6826

PARAMS
LEARNING_RATE,0.4
MIN_INPUT,0
MIN_OUTPUT,0
MAX_INPUT,5000
MAX_OUTPUT,300
MOMENTUM,0.6
