LAYERS
2,1,0.8,0,1
10,1,0.8,0,1
2,0,0.8,0,1

WEIGHTS
1,0,2.80049,1.87501,-3.62406
1,1,9.60384,4.51269,-5.14203
1,2,7.45001,15.3145,-1.70923
1,3,-5.69339,-0.271607,-1.69563
1,4,-9.31677,0.7726,-1.82879
1,5,3.61516,5.27005,-4.48335
1,6,-8.11909,6.90993,-2.14009
1,7,3.12006,1.24659,-4.00169
1,8,-2.99206,-0.754952,-1.81146
1,9,2.73446,1.41166,-3.66744
1,10,0.977721,0.410443,0.78872
2,0,-0.74228,3.30157,-4.50746,3.68074,5.37525,-2.83252,0.582589,0.377471,2.03753,-0.282952,2.4351
2,1,1.55073,3.6084,6.61958,-1.53003,-2.73792,3.16128,-4.59936,1.38492,-1.56389,1.37222,-5.25343

PARAMS
LEARNING_RATE,0.4
MIN_INPUT,0
MIN_OUTPUT,0
MAX_INPUT,5000
MAX_OUTPUT,300
MOMENTUM,0.8
