LAYERS
2,1,0.8,0,1
10,1,0.8,0,1
2,0,0.8,0,1

WEIGHTS
1,0,-0.981197,-1.94256,-2.53963
1,1,-0.496861,0.0154781,-3.52299
1,2,18.7293,-2.64899,-1.42001
1,3,7.13915,3.30112,-5.25823
1,4,4.63652,1.03818,-4.93337
1,5,-3.6942,2.36746,-4.44151
1,6,-4.40833,-20.7859,1.74798
1,7,-1.62504,5.01954,-4.18784
1,8,8.16315,5.76248,-6.41771
1,9,0.736042,-1.04831,-3.5004
1,10,0.069277,0.0554827,0.213843
2,0,1.33176,0.154778,-1.73293,0.715171,-1.20946,0.0217913,5.66149,-2.19819,1.02844,0.0113246,0.345068
2,1,1.02765,-0.141593,3.93137,1.30946,1.09284,-2.26569,-8.43704,-1.14057,4.20613,0.480649,-1.93174

PARAMS
LEARNING_RATE,0.8
MIN_INPUT,0
MIN_OUTPUT,0
MAX_INPUT,5000
MAX_OUTPUT,300
MOMENTUM,0.8
