LAYERS
2,1,0.4,0,1
10,1,0.4,0,1
2,0,0.4,0,1

WEIGHTS
1,0,6.03306,-1.654,-1.18475
1,1,-8.80945,-0.0293981,0.756836
1,2,4.75963,1.71563,-0.673529
1,3,-1.01128,1.58598,0.23492
1,4,7.65607,-0.389669,-1.48044
1,5,-0.389387,0.869892,0.783269
1,6,14.3761,3.18834,-1.00394
1,7,3.19539,0.63034,-0.822682
1,8,-2.22503,0.984595,0.626838
1,9,0.341382,0.491282,0.2957
1,10,0.779748,0.929472,0.585314
2,0,2.35197,1.92813,-1.12436,-0.924424,0.500748,-0.169268,-5.426,0.0120977,-0.430573,0.214749,2.19345
2,1,5.10414,-9.37811,3.27241,-2.2485,6.59748,-1.84744,10.9525,2.02476,-3.54986,-1.0114,-5.59673

PARAMS
LEARNING_RATE,0.4
MIN_INPUT,0
MIN_OUTPUT,0
MAX_INPUT,5000
MAX_OUTPUT,300
MOMENTUM,0.2
