LAYERS
2,1,0.6,0,1
10,1,0.6,0,1
2,0,0.6,0,1

WEIGHTS
1,0,1.22723,-2.45898,-1.2642
1,1,5.06854,6.15229,-0.0964946
1,2,-14.8564,4.29146,-0.970567
1,3,5.4372,13.0156,-0.52238
1,4,5.63408,2.6373,-4.29031
1,5,3.69423,1.62923,-3.30131
1,6,-1.15779,-0.174,-2.28901
1,7,6.56472,1.94448,-4.1491
1,8,-0.734209,-3.8675,-1.20444
1,9,2.2018,0.464058,-2.75679
1,10,0.153447,0.60509,0.962432
2,0,1.75849,-3.07661,4.11249,-4.52426,0.374882,-0.154117,0.376317,3.13531,2.29614,0.50652,3.23111
2,1,-1.76906,1.93211,-8.72012,5.79644,3.65114,2.14721,-1.18319,2.24082,-2.92023,0.963121,-4.51062

PARAMS
LEARNING_RATE,0.4
MIN_INPUT,0
MIN_OUTPUT,0
MAX_INPUT,5000
MAX_OUTPUT,300
MOMENTUM,0.8
