LAYERS
2,1,0.4,0,1
8,1,0.4,0,1
2,0,0.4,0,1

WEIGHTS
1,0,7.08451,1.08392,-2.94834
1,1,5.47087,0.626696,-3.08124
1,2,-15.5121,6.55147,-3.269
1,3,14.5584,12.4563,-2.06497
1,4,9.70217,1.44195,-4.39973
1,5,-0.112638,0.137802,-0.0897802
1,6,-1.47176,-1.20487,0.430711
1,7,5.56679,4.16122,-0.104451
1,8,0.691275,0.275124,0.820826
2,0,1.62213,3.5825,7.03244,-9.70206,2.78232,0.761396,1.20287,-0.850281,2.66833
2,1,5.03417,2.94318,-12.9114,8.64009,7.76951,-2.01743,-3.73536,3.17962,-7.64147

PARAMS
LEARNING_RATE,0.6
MIN_INPUT,0
MIN_OUTPUT,0
MAX_INPUT,5000
MAX_OUTPUT,300
MOMENTUM,0.6
