LAYERS
2,1,0.4,0,1
10,1,0.4,0,1
2,0,0.4,0,1

WEIGHTS
1,0,3.36739,-0.558252,-0.951368
1,1,-7.05136,0.0897982,0.747524
1,2,7.71825,0.336281,-1.39969
1,3,-0.604115,1.73209,-0.220342
1,4,1.02841,0.0159145,0.172009
1,5,6.1563,4.94364,0.429127
1,6,7.12069,-0.641825,-2.33325
1,7,15.8419,1.79671,-0.744913
1,8,-3.08988,0.926278,0.307203
1,9,-1.34971,1.04418,0.702724
1,10,0.871334,0.57448,0.0104373
2,0,2.05461,1.0378,-0.0223975,-0.81151,1.24926,-2.44662,2.20703,-6.14695,-0.277731,-0.354554,3.18999
2,1,1.82801,-7.96553,6.00653,-1.79892,-0.606815,3.96683,5.91907,10.8785,-4.43372,-2.8381,-6.58178

PARAMS
LEARNING_RATE,0.6
MIN_INPUT,0
MIN_OUTPUT,0
MAX_INPUT,5000
MAX_OUTPUT,300
MOMENTUM,0.2
