LAYERS
2,1,0.2,0,1
10,1,0.2,0,1
2,0,0.2,0,1

WEIGHTS
1,0,7.37717,5.24208,-0.441687
1,1,13.8609,-1.79515,-4.24049
1,2,6.48543,2.14761,-1.09921
1,3,-2.47968,4.04921,-0.716548
1,4,-16.9599,1.08956,0.878114
1,5,-7.07902,-2.89881,0.0903369
1,6,5.37395,-0.472499,-1.17516
1,7,30.638,1.47962,-1.03356
1,8,-9.7606,-3.92325,-0.157043
1,9,0.143739,5.28106,-0.576708
1,10,0.688162,0.284402,0.160161
2,0,-2.14461,4.59875,0.187017,-3.37535,1.6565,2.7149,2.7062,-10.1528,3.43531,-3.66528,4.10522
2,1,5.06926,12.075,4.39925,-3.43894,-17.5991,-8.59017,3.14968,22.8564,-10.6363,-0.773738,-8.00364

PARAMS
LEARNING_RATE,0.6
MIN_INPUT,0
MIN_OUTPUT,0
MAX_INPUT,5000
MAX_OUTPUT,300
MOMENTUM,0.8
