LAYERS
2,1,0.6,0,1
8,1,0.6,0,1
2,0,0.6,0,1

WEIGHTS
1,0,5.79068,0.123704,-2.86378
1,1,7.57624,-1.3734,0.0858089
1,2,2.47615,0.96004,-0.525119
1,3,-3.83095,0.568321,0.674767
1,4,5.35823,-0.264076,-0.189741
1,5,1.47306,0.808307,-0.589748
1,6,6.08055,0.320268,0.376967
1,7,-8.96861,-4.9659,0.09275
1,8,0.0281991,0.287576,0.771691
2,0,2.39286,-1.42978,0.44863,-0.560725,-0.980327,0.568735,-2.01977,5.09144,0.622984
2,1,4.75113,5.86675,1.10263,-4.90791,3.29788,0.301272,3.0282,-6.63667,-5.06976

PARAMS
LEARNING_RATE,0.4
MIN_INPUT,0
MIN_OUTPUT,0
MAX_INPUT,5000
MAX_OUTPUT,300
MOMENTUM,0.2
