LAYERS
2,1,0.2,0,1
10,1,0.2,0,1
2,0,0.2,0,1

WEIGHTS
1,0,7.65126,1.24938,-1.04359
1,1,4.11428,2.38872,-0.225025
1,2,-17.8026,-1.60265,2.44588
1,3,9.77307,0.527194,-1.39336
1,4,1.82773,2.30874,0.323139
1,5,-3.15268,1.12634,0.646332
1,6,4.56374,0.296251,0.0151336
1,7,17.2992,2.31498,-2.62098
1,8,-9.93844,1.31065,1.20158
1,9,12.5681,0.0576173,-1.66565
1,10,0.230232,0.0591754,0.0344554
2,0,-1.58322,-2.11634,4.56671,-1.01786,-1.80554,-0.19217,-0.167022,-4.14947,0.332477,-1.05187,2.27437
2,1,6.25096,2.55989,-18.6549,8.50771,0.257486,-4.55214,3.22658,15.6852,-11.3077,11.3313,-6.87383

PARAMS
LEARNING_RATE,0.6
MIN_INPUT,0
MIN_OUTPUT,0
MAX_INPUT,5000
MAX_OUTPUT,300
MOMENTUM,0.4
