LAYERS
2,1,0.2,0,1
8,1,0.2,0,1
2,0,0.2,0,1

WEIGHTS
1,0,3.03501,3.75573,-0.590555
1,1,-20.7046,-0.346504,1.40737
1,2,1.72096,-1.39949,0.455532
1,3,25.0192,-0.338633,-2.6242
1,4,19.2596,6.29826,-1.33842
1,5,-7.96953,1.90398,1.01082
1,6,1.2813,3.14002,-0.374287
1,7,1.81624,5.06353,-0.411101
1,8,0.017365,0.250191,0.919126
2,0,-2.30219,4.02598,2.8668,-2.13874,-6.20407,-0.707988,-1.72921,-3.6468,5.06389
2,1,1.20383,-20.9242,-0.291762,22.0945,15.362,-9.75536,-0.511852,0.0443041,-7.06719

PARAMS
LEARNING_RATE,0.4
MIN_INPUT,0
MIN_OUTPUT,0
MAX_INPUT,5000
MAX_OUTPUT,300
MOMENTUM,0.8
