LAYERS
2,1,0.2,0,1
8,1,0.2,0,1
2,0,0.2,0,1

WEIGHTS
1,0,0.748868,1.44741,-0.0616249
1,1,27.1613,19.082,-2.17457
1,2,11.8739,0.754549,-5.35153
1,3,-8.97961,2.1813,1.01086
1,4,12.5838,2.29933,-4.03825
1,5,30.7263,-3.15654,-0.182094
1,6,2.14196,1.58266,-0.0478826
1,7,-11.8433,2.12844,1.39568
1,8,0.463027,0.587695,0.569384
2,0,3.25882,-13.3918,5.60859,-0.667914,2.33742,-8.9465,3.57532,-0.566252,9.07531
2,1,-3.47862,17.5451,8.13195,-12.4453,8.53251,21.0143,-2.22631,-15.3184,-15.3791

PARAMS
LEARNING_RATE,0.8
MIN_INPUT,0
MIN_OUTPUT,0
MAX_INPUT,5000
MAX_OUTPUT,300
MOMENTUM,0.8
