LAYERS
2,1,0.2,0,1
8,1,0.2,0,1
2,0,0.2,0,1

WEIGHTS
1,0,2.67472,3.68032,-0.853302
1,1,-22.4043,0.138298,0.43017
1,2,2.53711,-1.55742,0.200158
1,3,26.3833,-0.942445,-2.43644
1,4,21.2218,11.143,-0.19063
1,5,-8.24998,1.7682,1.29227
1,6,0.944776,2.97329,-0.709809
1,7,1.09942,5.13077,-0.572098
1,8,0.017365,0.250191,0.919126
2,0,-1.0793,5.17697,3.90275,-2.53321,-8.22352,-1.87483,-0.886387,-2.80309,5.83297
2,1,0.704834,-21.4028,-0.776387,21.7784,15.2143,-10.311,-1.01438,-0.379574,-8.19079

PARAMS
LEARNING_RATE,0.6
MIN_INPUT,0
MIN_OUTPUT,0
MAX_INPUT,5000
MAX_OUTPUT,300
MOMENTUM,0.8
