LAYERS
2,1,0.8,0,1
8,1,0.8,0,1
2,0,0.8,0,1

WEIGHTS
1,0,-0.681744,-0.759171,0.792054
1,1,-1.31207,0.265587,-0.838416
1,2,0.745178,0.765436,-1.23334
1,3,5.08462,2.37801,-1.68949
1,4,-2.7077,-0.384951,0.0193548
1,5,5.63172,1.16739,-2.89986
1,6,11.0755,-2.87811,0.723985
1,7,4.61296,10.8155,-0.80583
1,8,0.593371,0.987487,0.973968
2,0,1.53249,0.329443,0.890265,-1.94482,1.16674,3.82564,-2.71741,-4.28777,3.76373
2,1,-2.81095,-2.00277,-0.382477,1.74826,-3.33716,1.85552,5.57016,4.62066,-5.41895

PARAMS
LEARNING_RATE,0.6
MIN_INPUT,0
MIN_OUTPUT,0
MAX_INPUT,5000
MAX_OUTPUT,300
MOMENTUM,0.2
