LAYERS
2,1,0.4,0,1
10,1,0.4,0,1
2,0,0.4,0,1

WEIGHTS
1,0,12.0467,25.5451,-2.22151
1,1,-2.57367,-0.469294,-1.67744
1,2,0.512274,-1.58916,-1.7578
1,3,-0.518492,-1.9918,-1.2579
1,4,12.5152,2.33656,-6.68491
1,5,1.05429,-0.114291,-3.05819
1,6,-3.16564,-0.624739,-1.07491
1,7,-6.2402,0.697915,-1.63931
1,8,-6.69469,-0.635968,-1.15541
1,9,23.1742,-4.28806,1.11252
1,10,0.512406,0.0897855,0.98645
2,0,-9.65696,1.12803,2.57239,2.53732,4.78384,1.55764,1.21682,1.33447,2.99587,-5.54556,7.52187
2,1,9.64163,-3.93639,-2.64397,-3.27733,5.12935,-1.4065,-4.47704,-6.28077,-5.98286,10.6321,-8.93928

PARAMS
LEARNING_RATE,0.8
MIN_INPUT,0
MIN_OUTPUT,0
MAX_INPUT,5000
MAX_OUTPUT,300
MOMENTUM,0.8
