LAYERS
2,1,0.2,0,1
8,1,0.2,0,1
2,0,0.2,0,1

WEIGHTS
1,0,16.1012,-1.78806,-2.19765
1,1,19.4531,4.13694,-2.66181
1,2,-16.0261,-0.0932512,1.83643
1,3,-8.58952,3.51564,0.777392
1,4,-8.79447,0.243514,1.47387
1,5,10.5623,4.02795,-1.79137
1,6,10.9894,1.56352,-1.8576
1,7,9.06836,2.72928,-1.64699
1,8,0.680441,0.237739,0.968261
2,0,1.20203,-5.57548,2.87747,-2.01387,1.46654,-3.91182,-1.53499,-2.43169,4.00261
2,1,14.6891,16.6111,-17.3548,-10.5784,-10.5431,8.29624,9.10626,7.08839,-8.67001

PARAMS
LEARNING_RATE,0.8
MIN_INPUT,0
MIN_OUTPUT,0
MAX_INPUT,5000
MAX_OUTPUT,300
MOMENTUM,0.4
