LAYERS
2,1,0.6,0,1
10,1,0.6,0,1
2,0,0.6,0,1

WEIGHTS
1,0,5.92559,-0.0805811,-2.27711
1,1,9.08817,2.27004,0.0512342
1,2,-1.65161,0.734425,0.488795
1,3,10.0544,1.82093,-0.150346
1,4,2.78576,0.186559,-0.720499
1,5,-0.9189,1.07787,-0.0297545
1,6,2.4087,0.181449,-0.972549
1,7,-2.20247,0.513206,0.869228
1,8,4.24228,0.158397,-1.61158
1,9,-3.10137,0.657805,0.499847
1,10,0.603992,0.734825,0.411573
2,0,1.85512,-3.73113,0.330186,-4.43777,0.949195,0.0364364,1.51588,0.977666,1.16944,0.39653,2.54203
2,1,5.09638,5.1055,-2.83599,5.53349,1.64262,-1.94863,1.35312,-3.60103,3.21581,-4.17853,-4.4979

PARAMS
LEARNING_RATE,0.4
MIN_INPUT,0
MIN_OUTPUT,0
MAX_INPUT,5000
MAX_OUTPUT,300
MOMENTUM,0.2
