LAYERS
2,1,0.2,0,1
8,1,0.2,0,1
2,0,0.2,0,1

WEIGHTS
1,0,-2.7292,2.21795,0.456327
1,1,-0.0227025,-1.31809,0.432061
1,2,-5.30774,2.79411,0.824649
1,3,17.6476,2.10108,-3.04931
1,4,-7.16696,-0.675027,1.88624
1,5,13.9883,2.20546,-2.58595
1,6,22.1097,1.5589,-3.33898
1,7,0.708232,1.81933,0.502934
1,8,0.571734,0.912717,0.268807
2,0,-0.919855,2.23382,-1.3709,-3.66726,2.44908,-3.35301,-3.98191,-0.901013,3.08448
2,1,-4.8325,-1.75411,-7.50365,15.5836,-9.07379,11.8965,20.0747,-1.44539,-9.93848

PARAMS
LEARNING_RATE,0.2
MIN_INPUT,0
MIN_OUTPUT,0
MAX_INPUT,5000
MAX_OUTPUT,300
MOMENTUM,0.8
