LAYERS
2,1,0.2,0,1
10,1,0.2,0,1
2,0,0.2,0,1

WEIGHTS
1,0,1.49165,0.0418226,0.632518
1,1,1.81004,1.48932,0.205367
1,2,2.15528,0.501103,0.722119
1,3,0.673713,0.693046,0.276616
1,4,0.873614,0.390314,0.756328
1,5,0.579885,0.759622,0.614384
1,6,-1.21834,-0.0746459,0.925821
1,7,-0.902448,0.0905471,0.159162
1,8,1.21106,0.414851,0.449739
1,9,1.12525,0.558316,0.670693
1,10,0.955535,0.124058,0.759056
2,0,0.16885,-1.27274,-0.427094,-0.147838,-0.519283,-0.0421411,0.376271,0.0928709,-0.196199,-0.483503,-0.406932
2,1,1.01718,1.23205,1.66582,0.322764,0.227608,0.316154,-1.73243,-1.38094,0.687782,0.680879,-1.403

PARAMS
LEARNING_RATE,0.2
MIN_INPUT,0
MIN_OUTPUT,0
MAX_INPUT,5000
MAX_OUTPUT,300
MOMENTUM,0.2
