LAYERS
2,1,0.6,0,1
10,1,0.6,0,1
2,0,0.6,0,1

WEIGHTS
1,0,-1.78172,0.250183,0.521858
1,1,3.37545,0.0625656,-1.67581
1,2,2.19812,0.644251,-0.743593
1,3,-0.138681,0.261699,0.274241
1,4,4.18518,0.579195,-2.25002
1,5,4.13722,0.354005,-2.09033
1,6,7.40696,9.00425,-1.21478
1,7,-7.14007,-1.34944,0.0575957
1,8,11.2381,-3.88853,1.59234
1,9,2.71106,1.65745,-0.585761
1,10,0.787133,0.0249031,0.261849
2,0,-0.479447,2.34085,1.1105,1.00056,2.03721,1.9842,-5.12721,3.41883,-3.87066,0.463356,2.39666
2,1,-3.15648,1.32801,0.370714,-2.01261,2.44692,2.33318,5.05071,-6.13752,7.06866,0.86917,-6.80021

PARAMS
LEARNING_RATE,0.4
MIN_INPUT,0
MIN_OUTPUT,0
MAX_INPUT,5000
MAX_OUTPUT,300
MOMENTUM,0.4
