LAYERS
2,1,0.8,0,1
10,1,0.8,0,1
2,0,0.8,0,1

WEIGHTS
1,0,0.411058,-1.23543,-2.03847
1,1,-10.4748,8.80555,-2.20579
1,2,12.6522,7.77366,-1.0575
1,3,4.87503,1.15726,-3.8174
1,4,0.542548,-1.66113,-1.77782
1,5,1.64542,-0.556645,-2.50168
1,6,2.48509,-7.43552,-0.317616
1,7,-4.33159,1.19273,-3.63527
1,8,9.17457,5.06646,-5.80404
1,9,2.24117,-0.1087,-2.87751
1,10,0.886135,0.765435,0.363567
2,0,1.04128,1.05959,-6.40913,1.36814,1.08782,1.0135,0.164213,1.66541,-0.0321774,1.0323,4.20627
2,1,-0.79834,-4.88109,4.86319,2.3878,-1.21164,-0.0221269,-6.20457,-2.21089,6.56354,0.552793,-2.04032

PARAMS
LEARNING_RATE,0.8
MIN_INPUT,0
MIN_OUTPUT,0
MAX_INPUT,5000
MAX_OUTPUT,300
MOMENTUM,0.6
