LAYERS
2,1,0.8,0,1
10,1,0.8,0,1
2,0,0.8,0,1

WEIGHTS
1,0,0.672964,0.0781011,-0.938983
1,1,0.155847,0.169618,-0.654153
1,2,-5.24473,3.94972,-2.27619
1,3,-2.74115,0.669504,-1.38412
1,4,6.25288,0.654849,-0.637718
1,5,-1.61745,-0.0929345,-0.612849
1,6,9.55457,7.47596,-0.919792
1,7,4.35612,1.08867,-2.57925
1,8,2.33692,0.600583,-1.84559
1,9,6.0268,1.76358,-3.2078
1,10,0.428205,0.540208,0.237861
2,0,0.82126,1.34851,1.64712,1.48878,-1.78695,1.37947,-5.75264,1.23614,0.942909,1.5978,2.89485
2,1,-0.215646,-0.544658,-4.79045,-2.58363,2.8968,-2.0629,4.43346,2.9993,1.32384,4.46589,-4.62776

PARAMS
LEARNING_RATE,0.6
MIN_INPUT,0
MIN_OUTPUT,0
MAX_INPUT,5000
MAX_OUTPUT,300
MOMENTUM,0.2
