LAYERS
2,1,0.4,0,1
8,1,0.4,0,1
2,0,0.4,0,1

WEIGHTS
1,0,0.511003,2.994,0.310672
1,1,6.02357,-1.09492,-2.08797
1,2,5.92808,1.81028,-0.249643
1,3,-1.12412,0.209039,0.346501
1,4,9.20362,1.16023,-0.531485
1,5,-4.32667,1.46541,0.679
1,6,-13.1687,-1.59766,-0.0537555
1,7,10.0581,0.253133,-0.691832
1,8,0.908689,0.925169,0.219672
2,0,-1.93117,2.70757,-1.00332,0.237274,-1.71928,-2.07836,5.40298,-1.65308,1.57234
2,1,-0.280213,4.82008,4.06266,-2.44139,6.86757,-5.29091,-11.0202,7.7445,-4.72458

PARAMS
LEARNING_RATE,0.6
MIN_INPUT,0
MIN_OUTPUT,0
MAX_INPUT,5000
MAX_OUTPUT,300
MOMENTUM,0.2
