LAYERS
2,1,0.8,0,1
10,1,0.8,0,1
2,0,0.8,0,1

WEIGHTS
1,0,1.91225,1.77963,0.308
1,1,8.21064,1.0467,-0.20198
1,2,-1.89489,-0.744622,-0.0390013
1,3,-1.49466,0.521703,0.260426
1,4,1.51362,0.761403,-0.28786
1,5,6.19476,-0.591646,-0.422137
1,6,0.0155589,0.368307,1.03791
1,7,2.30184,-1.0858,-0.63874
1,8,1.35288,0.461378,-0.288164
1,9,-2.5311,-0.504651,0.38513
1,10,0.336619,0.895169,0.812708
2,0,-0.31914,-3.54384,0.517756,-0.688232,0.336679,-0.469774,0.573186,2.26782,0.519173,0.339552,0.947843
2,1,0.931504,4.84789,-2.49527,-2.01371,0.693931,4.85939,-1.34242,0.91029,0.515367,-3.262,-2.95401

PARAMS
LEARNING_RATE,0.2
MIN_INPUT,0
MIN_OUTPUT,0
MAX_INPUT,5000
MAX_OUTPUT,300
MOMENTUM,0.2
