LAYERS
2,1,0.2,0,1
8,1,0.2,0,1
2,0,0.2,0,1

WEIGHTS
1,0,13.3142,1.23188,-2.27426
1,1,8.48781,1.84803,-1.26933
1,2,12.2785,0.814388,-1.91014
1,3,8.67741,2.68119,-1.62628
1,4,-5.54028,1.00432,0.970993
1,5,-11.0582,0.560164,1.70716
1,6,4.17061,1.67205,-0.378254
1,7,-4.02365,-0.8343,1.14819
1,8,0.343486,0.225257,0.017365
2,0,-2.61259,-2.50674,-2.17727,-3.30698,0.516206,1.34392,-1.55616,2.12642,2.39227
2,1,12.0316,7.00703,10.9823,7.11851,-6.91566,-12.4663,2.68164,-5.18911,-6.96633

PARAMS
LEARNING_RATE,0.6
MIN_INPUT,0
MIN_OUTPUT,0
MAX_INPUT,5000
MAX_OUTPUT,300
MOMENTUM,0.2
