LAYERS
2,1,0.2,0,1
10,1,0.2,0,1
2,0,0.2,0,1

WEIGHTS
1,0,5.33503,1.55226,-1.11596
1,1,-13.1937,-2.20101,1.45967
1,2,-12.123,3.17163,1.42648
1,3,20.3564,4.51007,-1.64575
1,4,-2.64663,3.69911,0.164625
1,5,6.79798,-0.555896,-1.4103
1,6,7.49549,-1.39361,-1.69903
1,7,-0.475385,1.59665,0.414139
1,8,21.0105,4.60417,-1.68315
1,9,16.8374,-1.4246,-3.0629
1,10,0.596576,0.639363,0.735038
2,0,-0.402418,4.59576,-1.65228,-6.30608,-2.51784,1.62667,2.45324,-0.187166,-6.57966,1.00366,4.72126
2,1,2.79953,-14.5211,-14.8895,15.4601,-5.15031,4.47321,5.27412,-3.10712,15.9999,14.7594,-11.9189

PARAMS
LEARNING_RATE,0.4
MIN_INPUT,0
MIN_OUTPUT,0
MAX_INPUT,5000
MAX_OUTPUT,300
MOMENTUM,0.8
