LAYERS
2,1,0.2,0,1
10,1,0.2,0,1
2,0,0.2,0,1

WEIGHTS
1,0,7.30364,5.67318,-0.26555
1,1,14.5164,-1.66549,-5.88049
1,2,6.51783,1.80696,-1.64348
1,3,-2.9677,3.94949,-1.21539
1,4,-17.325,1.89489,0.230146
1,5,-7.13055,-3.87162,-0.738139
1,6,5.78063,-0.706933,-1.69839
1,7,33.749,1.27865,-0.844907
1,8,-10.0595,-6.11226,-1.38357
1,9,-0.403892,5.23529,-0.908086
1,10,0.688162,0.284402,0.160161
2,0,-1.27885,7.17552,1.39295,-3.3237,1.6489,2.62675,3.80129,-13.5238,3.83489,-3.32511,4.66274
2,1,4.86734,11.7959,4.15905,-3.66622,-17.5685,-8.60396,2.9938,22.2616,-10.7617,-0.983539,-8.39443

PARAMS
LEARNING_RATE,0.8
MIN_INPUT,0
MIN_OUTPUT,0
MAX_INPUT,5000
MAX_OUTPUT,300
MOMENTUM,0.8
