LAYERS
2,1,0.4,0,1
10,1,0.4,0,1
2,0,0.4,0,1

WEIGHTS
1,0,20.1769,-5.50899,2.35066
1,1,8.75973,2.00167,-5.36293
1,2,-8.093,0.720178,-1.42021
1,3,-5.33371,-0.578167,-0.17686
1,4,0.134238,-2.25071,-0.515347
1,5,13.8706,20.8818,-1.83638
1,6,1.57863,0.825155,-2.31671
1,7,2.2778,-1.30547,-1.35668
1,8,5.34118,0.41056,-3.79994
1,9,-7.1513,-1.40844,0.217237
1,10,0.42082,0.444746,0.561296
2,0,-5.83942,4.58479,2.2839,1.78865,2.58183,-9.76286,1.60962,3.21904,3.73958,3.66922,5.33159
2,1,9.99336,4.49413,-7.86101,-6.26237,-3.14987,9.21445,-0.333426,-1.44991,1.71371,-6.71244,-7.92866

PARAMS
LEARNING_RATE,0.6
MIN_INPUT,0
MIN_OUTPUT,0
MAX_INPUT,5000
MAX_OUTPUT,300
MOMENTUM,0.8
