LAYERS
2,1,0.8,0,1
8,1,0.8,0,1
2,0,0.8,0,1

WEIGHTS
1,0,12.8876,2.55158,-0.280815
1,1,-0.452111,-1.07456,-2.20661
1,2,9.93877,4.58046,-4.95396
1,3,0.903358,0.188523,-2.65472
1,4,2.43452,0.484952,-2.92996
1,5,-0.352483,-11.8767,0.26368
1,6,-6.90577,8.65792,-2.29676
1,7,-0.0023576,-6.28135,-1.02368
1,8,0.821619,0.674917,0.225379
2,0,-5.44232,0.615334,1.39567,0.149582,0.0800314,2.958,0.629971,1.08859,3.27314
2,1,3.20004,-0.505934,5.49427,0.770273,1.18421,-7.31873,-4.73315,-4.19553,-0.652544

PARAMS
LEARNING_RATE,0.8
MIN_INPUT,0
MIN_OUTPUT,0
MAX_INPUT,5000
MAX_OUTPUT,300
MOMENTUM,0.6
