LAYERS
2,1,0.8,0,1
8,1,0.8,0,1
2,0,0.8,0,1

WEIGHTS
1,0,5.14082,0.955783,-2.8526
1,1,-4.25577,-0.483854,0.288212
1,2,-1.20976,0.431804,-0.376824
1,3,-1.07332,0.594542,-0.568491
1,4,1.62937,-0.408659,-0.911975
1,5,-1.3041,-0.127629,0.474382
1,6,11.0113,-1.72563,0.499309
1,7,4.16145,11.4328,-0.876897
1,8,0.484664,0.662465,0.274514
2,0,2.89862,2.16405,0.342632,0.198832,1.72743,0.657345,-3.09859,-4.40737,3.27261
2,1,2.38945,-4.01991,-2.17287,-1.95302,-0.229676,-2.66706,5.50305,4.72966,-3.77524

PARAMS
LEARNING_RATE,0.4
MIN_INPUT,0
MIN_OUTPUT,0
MAX_INPUT,5000
MAX_OUTPUT,300
MOMENTUM,0.4
