LAYERS
2,1,0.8,0,1
10,1,0.8,0,1
2,0,0.8,0,1

WEIGHTS
1,0,8.07519,7.5137,-1.01184
1,1,-0.949783,-0.324336,0.637493
1,2,3.2681,0.940749,-1.81331
1,3,0.8494,0.490704,-0.461658
1,4,-6.65945,2.11511,-1.44867
1,5,5.78734,-0.102867,-0.19013
1,6,4.38379,0.939724,-2.52127
1,7,-0.142121,0.44827,-0.18591
1,8,-3.6619,1.16495,-1.08252
1,9,0.345641,0.60411,-0.449987
1,10,0.702963,0.475326,0.513291
2,0,-5.36371,0.376861,1.01804,1.07319,3.09074,-1.27557,2.67546,0.72655,0.464214,0.591764,1.91416
2,1,4.79805,-2.17278,2.22408,-0.165814,-4.89588,3.26614,2.69545,-1.00839,-3.95796,-0.43412,-2.94437

PARAMS
LEARNING_RATE,0.2
MIN_INPUT,0
MIN_OUTPUT,0
MAX_INPUT,5000
MAX_OUTPUT,300
MOMENTUM,0.6
