LAYERS
2,1,0.8,0,1
10,1,0.8,0,1
2,0,0.8,0,1

WEIGHTS
1,0,1.91875,1.80012,-0.196794
1,1,9.87272,1.648,-0.250864
1,2,-1.92216,-3.24618,-0.558866
1,3,-1.86188,0.578588,-0.198984
1,4,1.5829,0.846627,-0.957487
1,5,7.2522,-2.20279,0.493911
1,6,-0.174217,0.491204,0.46977
1,7,2.90919,-0.804879,-1.39365
1,8,1.4424,0.674606,-0.884809
1,9,-2.79902,-2.64695,-0.420168
1,10,0.336619,0.895169,0.812708
2,0,0.364677,-4.76141,0.810158,-0.311998,1.04655,-0.469531,0.804035,2.37753,1.04204,0.605745,1.20393
2,1,0.736872,4.08131,-3.13215,-2.45033,0.399357,5.24234,-1.69508,0.623863,0.282568,-3.62278,-3.71784

PARAMS
LEARNING_RATE,0.4
MIN_INPUT,0
MIN_OUTPUT,0
MAX_INPUT,5000
MAX_OUTPUT,300
MOMENTUM,0.2
