LAYERS
2,1,0.6,0,1
8,1,0.6,0,1
2,0,0.6,0,1

WEIGHTS
1,0,1.28459,-7.60483,-0.142413
1,1,-12.0599,13.4566,-4.27388
1,2,11.8273,5.9744,-7.26517
1,3,1.49727,1.73535,-3.33762
1,4,2.92641,2.8573,-3.71809
1,5,3.98567,-0.494503,-3.21427
1,6,1.80163,-0.206945,-3.16344
1,7,16.1174,8.52097,-1.26809
1,8,0.702078,0.31251,0.673391
2,0,0.844785,1.50691,0.797049,-0.388184,-0.797806,2.40652,1.11189,-8.07014,5.45787
2,1,-6.70491,-6.20858,9.27364,1.64583,2.8118,-0.0996896,0.200946,6.86094,-4.34705

PARAMS
LEARNING_RATE,0.6
MIN_INPUT,0
MIN_OUTPUT,0
MAX_INPUT,5000
MAX_OUTPUT,300
MOMENTUM,0.8
