LAYERS
2,1,0.4,0,1
8,1,0.4,0,1
2,0,0.4,0,1

WEIGHTS
1,0,10.5161,2.87802,-5.41783
1,1,-16.7173,7.3031,-3.6433
1,2,-4.08205,0.0411565,-0.801593
1,3,16.3651,12.7479,-1.82779
1,4,6.57177,2.24054,-3.06785
1,5,1.10562,0.906929,-1.54563
1,6,1.08527,0.903166,-0.995626
1,7,-1.15685,-3.91418,-0.513136
1,8,0.136906,0.612598,0.471114
2,0,3.96795,6.20817,-0.42776,-11.0854,1.03986,1.17839,1.23742,2.42241,4.20537
2,1,8.41036,-13.1504,-4.54083,9.01238,5.01093,0.178814,0.0368511,-3.93566,-5.26821

PARAMS
LEARNING_RATE,0.4
MIN_INPUT,0
MIN_OUTPUT,0
MAX_INPUT,5000
MAX_OUTPUT,300
MOMENTUM,0.8
