LAYERS
2,1,0.4,0,1
10,1,0.4,0,1
2,0,0.4,0,1

WEIGHTS
1,0,9.80005,0.500983,-1.35877
1,1,1.32717,2.10307,0.0793648
1,2,11.1161,0.802365,-1.4176
1,3,2.46655,0.871922,-0.356328
1,4,-9.44165,0.00954577,0.98793
1,5,5.08119,1.7292,-0.731764
1,6,-1.66416,2.10527,0.614248
1,7,0.480083,0.156673,0.375825
1,8,-0.270815,-0.881967,0.866122
1,9,2.51903,1.82611,-0.186517
1,10,0.96292,0.21952,0.435591
2,0,-1.06609,-1.56656,-1.72451,-0.390993,1.59523,-1.52366,-1.42846,0.425273,1.54663,-1.33048,2.37648
2,1,8.64594,0.0843958,9.79509,1.4216,-10.1596,3.82094,-2.92061,-0.623606,-1.41934,1.28683,-5.13699

PARAMS
LEARNING_RATE,0.2
MIN_INPUT,0
MIN_OUTPUT,0
MAX_INPUT,5000
MAX_OUTPUT,300
MOMENTUM,0.4
