LAYERS
2,1,0.8,0,1
10,1,0.8,0,1
2,0,0.8,0,1

WEIGHTS
1,0,7.66122,13.0395,-1.26829
1,1,-1.05385,-1.40459,-0.783062
1,2,3.64775,2.26226,-3.39731
1,3,0.695657,-0.389408,-1.85895
1,4,-10.2647,0.53981,-1.32697
1,5,5.44372,4.035,-4.37852
1,6,6.61253,2.81356,-3.80877
1,7,-0.424098,-0.497809,-1.62109
1,8,-6.96776,6.13057,-2.07939
1,9,0.128509,-0.255853,-1.83974
1,10,0.702963,0.475326,0.513291
2,0,-4.97666,0.940502,0.150994,0.538065,6.16862,-0.884305,2.3312,0.648039,0.160931,0.338692,2.59517
2,1,6.00373,-2.07004,2.53102,-0.493461,-3.48101,4.33479,3.16576,-0.999624,-4.75923,-0.561204,-4.12228

PARAMS
LEARNING_RATE,0.8
MIN_INPUT,0
MIN_OUTPUT,0
MAX_INPUT,5000
MAX_OUTPUT,300
MOMENTUM,0.4
