LAYERS
2,1,0.8,0,1
8,1,0.8,0,1
2,0,0.8,0,1

WEIGHTS
1,0,0.504621,0.920942,0.013055
1,1,7.00076,-0.204507,-0.166477
1,2,4.36892,-0.328928,-2.04236
1,3,3.32643,3.42893,0.124046
1,4,0.496083,-0.551681,0.301407
1,5,4.49163,0.601351,-0.333881
1,6,5.58252,0.470972,-0.258206
1,7,-2.96589,0.131392,0.774387
1,8,0.14771,0.649983,0.323649
2,0,0.0671943,-1.99168,2.01772,-1.67934,1.65224,-0.653764,-1.2746,0.0933919,1.91591
2,1,-0.780898,4.50697,3.23324,1.70285,-1.01434,2.63477,3.39417,-4.14528,-4.96112

PARAMS
LEARNING_RATE,0.2
MIN_INPUT,0
MIN_OUTPUT,0
MAX_INPUT,5000
MAX_OUTPUT,300
MOMENTUM,0.2
